385 642
3 1 128 128
1 128

1 1 0 257 INV
2 1 0 1 258 AND
2 1 0 2 259 AND
2 1 0 3 260 AND
2 1 0 4 261 AND
2 1 0 5 262 AND
2 1 0 6 263 AND
2 1 0 7 264 AND
2 1 0 8 265 AND
2 1 0 9 266 AND
2 1 0 10 267 AND
2 1 0 11 268 AND
2 1 0 12 269 AND
2 1 0 13 270 AND
2 1 0 14 271 AND
2 1 0 15 272 AND
2 1 0 16 273 AND
2 1 0 17 274 AND
2 1 0 18 275 AND
2 1 0 19 276 AND
2 1 0 20 277 AND
2 1 0 21 278 AND
2 1 0 22 279 AND
2 1 0 23 280 AND
2 1 0 24 281 AND
2 1 0 25 282 AND
2 1 0 26 283 AND
2 1 0 27 284 AND
2 1 0 28 285 AND
2 1 0 29 286 AND
2 1 0 30 287 AND
2 1 0 31 288 AND
2 1 0 32 289 AND
2 1 0 33 290 AND
2 1 0 34 291 AND
2 1 0 35 292 AND
2 1 0 36 293 AND
2 1 0 37 294 AND
2 1 0 38 295 AND
2 1 0 39 296 AND
2 1 0 40 297 AND
2 1 0 41 298 AND
2 1 0 42 299 AND
2 1 0 43 300 AND
2 1 0 44 301 AND
2 1 0 45 302 AND
2 1 0 46 303 AND
2 1 0 47 304 AND
2 1 0 48 305 AND
2 1 0 49 306 AND
2 1 0 50 307 AND
2 1 0 51 308 AND
2 1 0 52 309 AND
2 1 0 53 310 AND
2 1 0 54 311 AND
2 1 0 55 312 AND
2 1 0 56 313 AND
2 1 0 57 314 AND
2 1 0 58 315 AND
2 1 0 59 316 AND
2 1 0 60 317 AND
2 1 0 61 318 AND
2 1 0 62 319 AND
2 1 0 63 320 AND
2 1 0 64 321 AND
2 1 0 65 322 AND
2 1 0 66 323 AND
2 1 0 67 324 AND
2 1 0 68 325 AND
2 1 0 69 326 AND
2 1 0 70 327 AND
2 1 0 71 328 AND
2 1 0 72 329 AND
2 1 0 73 330 AND
2 1 0 74 331 AND
2 1 0 75 332 AND
2 1 0 76 333 AND
2 1 0 77 334 AND
2 1 0 78 335 AND
2 1 0 79 336 AND
2 1 0 80 337 AND
2 1 0 81 338 AND
2 1 0 82 339 AND
2 1 0 83 340 AND
2 1 0 84 341 AND
2 1 0 85 342 AND
2 1 0 86 343 AND
2 1 0 87 344 AND
2 1 0 88 345 AND
2 1 0 89 346 AND
2 1 0 90 347 AND
2 1 0 91 348 AND
2 1 0 92 349 AND
2 1 0 93 350 AND
2 1 0 94 351 AND
2 1 0 95 352 AND
2 1 0 96 353 AND
2 1 0 97 354 AND
2 1 0 98 355 AND
2 1 0 99 356 AND
2 1 0 100 357 AND
2 1 0 101 358 AND
2 1 0 102 359 AND
2 1 0 103 360 AND
2 1 0 104 361 AND
2 1 0 105 362 AND
2 1 0 106 363 AND
2 1 0 107 364 AND
2 1 0 108 365 AND
2 1 0 109 366 AND
2 1 0 110 367 AND
2 1 0 111 368 AND
2 1 0 112 369 AND
2 1 0 113 370 AND
2 1 0 114 371 AND
2 1 0 115 372 AND
2 1 0 116 373 AND
2 1 0 117 374 AND
2 1 0 118 375 AND
2 1 0 119 376 AND
2 1 0 120 377 AND
2 1 0 121 378 AND
2 1 0 122 379 AND
2 1 0 123 380 AND
2 1 0 124 381 AND
2 1 0 125 382 AND
2 1 0 126 383 AND
2 1 0 127 384 AND
2 1 0 128 385 AND
2 1 257 129 386 AND
2 1 257 130 387 AND
2 1 257 131 388 AND
2 1 257 132 389 AND
2 1 257 133 390 AND
2 1 257 134 391 AND
2 1 257 135 392 AND
2 1 257 136 393 AND
2 1 257 137 394 AND
2 1 257 138 395 AND
2 1 257 139 396 AND
2 1 257 140 397 AND
2 1 257 141 398 AND
2 1 257 142 399 AND
2 1 257 143 400 AND
2 1 257 144 401 AND
2 1 257 145 402 AND
2 1 257 146 403 AND
2 1 257 147 404 AND
2 1 257 148 405 AND
2 1 257 149 406 AND
2 1 257 150 407 AND
2 1 257 151 408 AND
2 1 257 152 409 AND
2 1 257 153 410 AND
2 1 257 154 411 AND
2 1 257 155 412 AND
2 1 257 156 413 AND
2 1 257 157 414 AND
2 1 257 158 415 AND
2 1 257 159 416 AND
2 1 257 160 417 AND
2 1 257 161 418 AND
2 1 257 162 419 AND
2 1 257 163 420 AND
2 1 257 164 421 AND
2 1 257 165 422 AND
2 1 257 166 423 AND
2 1 257 167 424 AND
2 1 257 168 425 AND
2 1 257 169 426 AND
2 1 257 170 427 AND
2 1 257 171 428 AND
2 1 257 172 429 AND
2 1 257 173 430 AND
2 1 257 174 431 AND
2 1 257 175 432 AND
2 1 257 176 433 AND
2 1 257 177 434 AND
2 1 257 178 435 AND
2 1 257 179 436 AND
2 1 257 180 437 AND
2 1 257 181 438 AND
2 1 257 182 439 AND
2 1 257 183 440 AND
2 1 257 184 441 AND
2 1 257 185 442 AND
2 1 257 186 443 AND
2 1 257 187 444 AND
2 1 257 188 445 AND
2 1 257 189 446 AND
2 1 257 190 447 AND
2 1 257 191 448 AND
2 1 257 192 449 AND
2 1 257 193 450 AND
2 1 257 194 451 AND
2 1 257 195 452 AND
2 1 257 196 453 AND
2 1 257 197 454 AND
2 1 257 198 455 AND
2 1 257 199 456 AND
2 1 257 200 457 AND
2 1 257 201 458 AND
2 1 257 202 459 AND
2 1 257 203 460 AND
2 1 257 204 461 AND
2 1 257 205 462 AND
2 1 257 206 463 AND
2 1 257 207 464 AND
2 1 257 208 465 AND
2 1 257 209 466 AND
2 1 257 210 467 AND
2 1 257 211 468 AND
2 1 257 212 469 AND
2 1 257 213 470 AND
2 1 257 214 471 AND
2 1 257 215 472 AND
2 1 257 216 473 AND
2 1 257 217 474 AND
2 1 257 218 475 AND
2 1 257 219 476 AND
2 1 257 220 477 AND
2 1 257 221 478 AND
2 1 257 222 479 AND
2 1 257 223 480 AND
2 1 257 224 481 AND
2 1 257 225 482 AND
2 1 257 226 483 AND
2 1 257 227 484 AND
2 1 257 228 485 AND
2 1 257 229 486 AND
2 1 257 230 487 AND
2 1 257 231 488 AND
2 1 257 232 489 AND
2 1 257 233 490 AND
2 1 257 234 491 AND
2 1 257 235 492 AND
2 1 257 236 493 AND
2 1 257 237 494 AND
2 1 257 238 495 AND
2 1 257 239 496 AND
2 1 257 240 497 AND
2 1 257 241 498 AND
2 1 257 242 499 AND
2 1 257 243 500 AND
2 1 257 244 501 AND
2 1 257 245 502 AND
2 1 257 246 503 AND
2 1 257 247 504 AND
2 1 257 248 505 AND
2 1 257 249 506 AND
2 1 257 250 507 AND
2 1 257 251 508 AND
2 1 257 252 509 AND
2 1 257 253 510 AND
2 1 257 254 511 AND
2 1 257 255 512 AND
2 1 257 256 513 AND
2 1 258 386 514 XOR
2 1 259 387 515 XOR
2 1 260 388 516 XOR
2 1 261 389 517 XOR
2 1 262 390 518 XOR
2 1 263 391 519 XOR
2 1 264 392 520 XOR
2 1 265 393 521 XOR
2 1 266 394 522 XOR
2 1 267 395 523 XOR
2 1 268 396 524 XOR
2 1 269 397 525 XOR
2 1 270 398 526 XOR
2 1 271 399 527 XOR
2 1 272 400 528 XOR
2 1 273 401 529 XOR
2 1 274 402 530 XOR
2 1 275 403 531 XOR
2 1 276 404 532 XOR
2 1 277 405 533 XOR
2 1 278 406 534 XOR
2 1 279 407 535 XOR
2 1 280 408 536 XOR
2 1 281 409 537 XOR
2 1 282 410 538 XOR
2 1 283 411 539 XOR
2 1 284 412 540 XOR
2 1 285 413 541 XOR
2 1 286 414 542 XOR
2 1 287 415 543 XOR
2 1 288 416 544 XOR
2 1 289 417 545 XOR
2 1 290 418 546 XOR
2 1 291 419 547 XOR
2 1 292 420 548 XOR
2 1 293 421 549 XOR
2 1 294 422 550 XOR
2 1 295 423 551 XOR
2 1 296 424 552 XOR
2 1 297 425 553 XOR
2 1 298 426 554 XOR
2 1 299 427 555 XOR
2 1 300 428 556 XOR
2 1 301 429 557 XOR
2 1 302 430 558 XOR
2 1 303 431 559 XOR
2 1 304 432 560 XOR
2 1 305 433 561 XOR
2 1 306 434 562 XOR
2 1 307 435 563 XOR
2 1 308 436 564 XOR
2 1 309 437 565 XOR
2 1 310 438 566 XOR
2 1 311 439 567 XOR
2 1 312 440 568 XOR
2 1 313 441 569 XOR
2 1 314 442 570 XOR
2 1 315 443 571 XOR
2 1 316 444 572 XOR
2 1 317 445 573 XOR
2 1 318 446 574 XOR
2 1 319 447 575 XOR
2 1 320 448 576 XOR
2 1 321 449 577 XOR
2 1 322 450 578 XOR
2 1 323 451 579 XOR
2 1 324 452 580 XOR
2 1 325 453 581 XOR
2 1 326 454 582 XOR
2 1 327 455 583 XOR
2 1 328 456 584 XOR
2 1 329 457 585 XOR
2 1 330 458 586 XOR
2 1 331 459 587 XOR
2 1 332 460 588 XOR
2 1 333 461 589 XOR
2 1 334 462 590 XOR
2 1 335 463 591 XOR
2 1 336 464 592 XOR
2 1 337 465 593 XOR
2 1 338 466 594 XOR
2 1 339 467 595 XOR
2 1 340 468 596 XOR
2 1 341 469 597 XOR
2 1 342 470 598 XOR
2 1 343 471 599 XOR
2 1 344 472 600 XOR
2 1 345 473 601 XOR
2 1 346 474 602 XOR
2 1 347 475 603 XOR
2 1 348 476 604 XOR
2 1 349 477 605 XOR
2 1 350 478 606 XOR
2 1 351 479 607 XOR
2 1 352 480 608 XOR
2 1 353 481 609 XOR
2 1 354 482 610 XOR
2 1 355 483 611 XOR
2 1 356 484 612 XOR
2 1 357 485 613 XOR
2 1 358 486 614 XOR
2 1 359 487 615 XOR
2 1 360 488 616 XOR
2 1 361 489 617 XOR
2 1 362 490 618 XOR
2 1 363 491 619 XOR
2 1 364 492 620 XOR
2 1 365 493 621 XOR
2 1 366 494 622 XOR
2 1 367 495 623 XOR
2 1 368 496 624 XOR
2 1 369 497 625 XOR
2 1 370 498 626 XOR
2 1 371 499 627 XOR
2 1 372 500 628 XOR
2 1 373 501 629 XOR
2 1 374 502 630 XOR
2 1 375 503 631 XOR
2 1 376 504 632 XOR
2 1 377 505 633 XOR
2 1 378 506 634 XOR
2 1 379 507 635 XOR
2 1 380 508 636 XOR
2 1 381 509 637 XOR
2 1 382 510 638 XOR
2 1 383 511 639 XOR
2 1 384 512 640 XOR
2 1 385 513 641 XOR
