1025 1538
5 1 128 128 128 128
2 128 128

1 1 0 513 INV
2 1 0 129 514 AND
2 1 0 130 515 AND
2 1 0 131 516 AND
2 1 0 132 517 AND
2 1 0 133 518 AND
2 1 0 134 519 AND
2 1 0 135 520 AND
2 1 0 136 521 AND
2 1 0 137 522 AND
2 1 0 138 523 AND
2 1 0 139 524 AND
2 1 0 140 525 AND
2 1 0 141 526 AND
2 1 0 142 527 AND
2 1 0 143 528 AND
2 1 0 144 529 AND
2 1 0 145 530 AND
2 1 0 146 531 AND
2 1 0 147 532 AND
2 1 0 148 533 AND
2 1 0 149 534 AND
2 1 0 150 535 AND
2 1 0 151 536 AND
2 1 0 152 537 AND
2 1 0 153 538 AND
2 1 0 154 539 AND
2 1 0 155 540 AND
2 1 0 156 541 AND
2 1 0 157 542 AND
2 1 0 158 543 AND
2 1 0 159 544 AND
2 1 0 160 545 AND
2 1 0 161 546 AND
2 1 0 162 547 AND
2 1 0 163 548 AND
2 1 0 164 549 AND
2 1 0 165 550 AND
2 1 0 166 551 AND
2 1 0 167 552 AND
2 1 0 168 553 AND
2 1 0 169 554 AND
2 1 0 170 555 AND
2 1 0 171 556 AND
2 1 0 172 557 AND
2 1 0 173 558 AND
2 1 0 174 559 AND
2 1 0 175 560 AND
2 1 0 176 561 AND
2 1 0 177 562 AND
2 1 0 178 563 AND
2 1 0 179 564 AND
2 1 0 180 565 AND
2 1 0 181 566 AND
2 1 0 182 567 AND
2 1 0 183 568 AND
2 1 0 184 569 AND
2 1 0 185 570 AND
2 1 0 186 571 AND
2 1 0 187 572 AND
2 1 0 188 573 AND
2 1 0 189 574 AND
2 1 0 190 575 AND
2 1 0 191 576 AND
2 1 0 192 577 AND
2 1 0 193 578 AND
2 1 0 194 579 AND
2 1 0 195 580 AND
2 1 0 196 581 AND
2 1 0 197 582 AND
2 1 0 198 583 AND
2 1 0 199 584 AND
2 1 0 200 585 AND
2 1 0 201 586 AND
2 1 0 202 587 AND
2 1 0 203 588 AND
2 1 0 204 589 AND
2 1 0 205 590 AND
2 1 0 206 591 AND
2 1 0 207 592 AND
2 1 0 208 593 AND
2 1 0 209 594 AND
2 1 0 210 595 AND
2 1 0 211 596 AND
2 1 0 212 597 AND
2 1 0 213 598 AND
2 1 0 214 599 AND
2 1 0 215 600 AND
2 1 0 216 601 AND
2 1 0 217 602 AND
2 1 0 218 603 AND
2 1 0 219 604 AND
2 1 0 220 605 AND
2 1 0 221 606 AND
2 1 0 222 607 AND
2 1 0 223 608 AND
2 1 0 224 609 AND
2 1 0 225 610 AND
2 1 0 226 611 AND
2 1 0 227 612 AND
2 1 0 228 613 AND
2 1 0 229 614 AND
2 1 0 230 615 AND
2 1 0 231 616 AND
2 1 0 232 617 AND
2 1 0 233 618 AND
2 1 0 234 619 AND
2 1 0 235 620 AND
2 1 0 236 621 AND
2 1 0 237 622 AND
2 1 0 238 623 AND
2 1 0 239 624 AND
2 1 0 240 625 AND
2 1 0 241 626 AND
2 1 0 242 627 AND
2 1 0 243 628 AND
2 1 0 244 629 AND
2 1 0 245 630 AND
2 1 0 246 631 AND
2 1 0 247 632 AND
2 1 0 248 633 AND
2 1 0 249 634 AND
2 1 0 250 635 AND
2 1 0 251 636 AND
2 1 0 252 637 AND
2 1 0 253 638 AND
2 1 0 254 639 AND
2 1 0 255 640 AND
2 1 0 256 641 AND
2 1 513 1 642 AND
2 1 513 2 643 AND
2 1 513 3 644 AND
2 1 513 4 645 AND
2 1 513 5 646 AND
2 1 513 6 647 AND
2 1 513 7 648 AND
2 1 513 8 649 AND
2 1 513 9 650 AND
2 1 513 10 651 AND
2 1 513 11 652 AND
2 1 513 12 653 AND
2 1 513 13 654 AND
2 1 513 14 655 AND
2 1 513 15 656 AND
2 1 513 16 657 AND
2 1 513 17 658 AND
2 1 513 18 659 AND
2 1 513 19 660 AND
2 1 513 20 661 AND
2 1 513 21 662 AND
2 1 513 22 663 AND
2 1 513 23 664 AND
2 1 513 24 665 AND
2 1 513 25 666 AND
2 1 513 26 667 AND
2 1 513 27 668 AND
2 1 513 28 669 AND
2 1 513 29 670 AND
2 1 513 30 671 AND
2 1 513 31 672 AND
2 1 513 32 673 AND
2 1 513 33 674 AND
2 1 513 34 675 AND
2 1 513 35 676 AND
2 1 513 36 677 AND
2 1 513 37 678 AND
2 1 513 38 679 AND
2 1 513 39 680 AND
2 1 513 40 681 AND
2 1 513 41 682 AND
2 1 513 42 683 AND
2 1 513 43 684 AND
2 1 513 44 685 AND
2 1 513 45 686 AND
2 1 513 46 687 AND
2 1 513 47 688 AND
2 1 513 48 689 AND
2 1 513 49 690 AND
2 1 513 50 691 AND
2 1 513 51 692 AND
2 1 513 52 693 AND
2 1 513 53 694 AND
2 1 513 54 695 AND
2 1 513 55 696 AND
2 1 513 56 697 AND
2 1 513 57 698 AND
2 1 513 58 699 AND
2 1 513 59 700 AND
2 1 513 60 701 AND
2 1 513 61 702 AND
2 1 513 62 703 AND
2 1 513 63 704 AND
2 1 513 64 705 AND
2 1 513 65 706 AND
2 1 513 66 707 AND
2 1 513 67 708 AND
2 1 513 68 709 AND
2 1 513 69 710 AND
2 1 513 70 711 AND
2 1 513 71 712 AND
2 1 513 72 713 AND
2 1 513 73 714 AND
2 1 513 74 715 AND
2 1 513 75 716 AND
2 1 513 76 717 AND
2 1 513 77 718 AND
2 1 513 78 719 AND
2 1 513 79 720 AND
2 1 513 80 721 AND
2 1 513 81 722 AND
2 1 513 82 723 AND
2 1 513 83 724 AND
2 1 513 84 725 AND
2 1 513 85 726 AND
2 1 513 86 727 AND
2 1 513 87 728 AND
2 1 513 88 729 AND
2 1 513 89 730 AND
2 1 513 90 731 AND
2 1 513 91 732 AND
2 1 513 92 733 AND
2 1 513 93 734 AND
2 1 513 94 735 AND
2 1 513 95 736 AND
2 1 513 96 737 AND
2 1 513 97 738 AND
2 1 513 98 739 AND
2 1 513 99 740 AND
2 1 513 100 741 AND
2 1 513 101 742 AND
2 1 513 102 743 AND
2 1 513 103 744 AND
2 1 513 104 745 AND
2 1 513 105 746 AND
2 1 513 106 747 AND
2 1 513 107 748 AND
2 1 513 108 749 AND
2 1 513 109 750 AND
2 1 513 110 751 AND
2 1 513 111 752 AND
2 1 513 112 753 AND
2 1 513 113 754 AND
2 1 513 114 755 AND
2 1 513 115 756 AND
2 1 513 116 757 AND
2 1 513 117 758 AND
2 1 513 118 759 AND
2 1 513 119 760 AND
2 1 513 120 761 AND
2 1 513 121 762 AND
2 1 513 122 763 AND
2 1 513 123 764 AND
2 1 513 124 765 AND
2 1 513 125 766 AND
2 1 513 126 767 AND
2 1 513 127 768 AND
2 1 513 128 769 AND
2 1 514 642 770 XOR
2 1 515 643 771 XOR
2 1 516 644 772 XOR
2 1 517 645 773 XOR
2 1 518 646 774 XOR
2 1 519 647 775 XOR
2 1 520 648 776 XOR
2 1 521 649 777 XOR
2 1 522 650 778 XOR
2 1 523 651 779 XOR
2 1 524 652 780 XOR
2 1 525 653 781 XOR
2 1 526 654 782 XOR
2 1 527 655 783 XOR
2 1 528 656 784 XOR
2 1 529 657 785 XOR
2 1 530 658 786 XOR
2 1 531 659 787 XOR
2 1 532 660 788 XOR
2 1 533 661 789 XOR
2 1 534 662 790 XOR
2 1 535 663 791 XOR
2 1 536 664 792 XOR
2 1 537 665 793 XOR
2 1 538 666 794 XOR
2 1 539 667 795 XOR
2 1 540 668 796 XOR
2 1 541 669 797 XOR
2 1 542 670 798 XOR
2 1 543 671 799 XOR
2 1 544 672 800 XOR
2 1 545 673 801 XOR
2 1 546 674 802 XOR
2 1 547 675 803 XOR
2 1 548 676 804 XOR
2 1 549 677 805 XOR
2 1 550 678 806 XOR
2 1 551 679 807 XOR
2 1 552 680 808 XOR
2 1 553 681 809 XOR
2 1 554 682 810 XOR
2 1 555 683 811 XOR
2 1 556 684 812 XOR
2 1 557 685 813 XOR
2 1 558 686 814 XOR
2 1 559 687 815 XOR
2 1 560 688 816 XOR
2 1 561 689 817 XOR
2 1 562 690 818 XOR
2 1 563 691 819 XOR
2 1 564 692 820 XOR
2 1 565 693 821 XOR
2 1 566 694 822 XOR
2 1 567 695 823 XOR
2 1 568 696 824 XOR
2 1 569 697 825 XOR
2 1 570 698 826 XOR
2 1 571 699 827 XOR
2 1 572 700 828 XOR
2 1 573 701 829 XOR
2 1 574 702 830 XOR
2 1 575 703 831 XOR
2 1 576 704 832 XOR
2 1 577 705 833 XOR
2 1 578 706 834 XOR
2 1 579 707 835 XOR
2 1 580 708 836 XOR
2 1 581 709 837 XOR
2 1 582 710 838 XOR
2 1 583 711 839 XOR
2 1 584 712 840 XOR
2 1 585 713 841 XOR
2 1 586 714 842 XOR
2 1 587 715 843 XOR
2 1 588 716 844 XOR
2 1 589 717 845 XOR
2 1 590 718 846 XOR
2 1 591 719 847 XOR
2 1 592 720 848 XOR
2 1 593 721 849 XOR
2 1 594 722 850 XOR
2 1 595 723 851 XOR
2 1 596 724 852 XOR
2 1 597 725 853 XOR
2 1 598 726 854 XOR
2 1 599 727 855 XOR
2 1 600 728 856 XOR
2 1 601 729 857 XOR
2 1 602 730 858 XOR
2 1 603 731 859 XOR
2 1 604 732 860 XOR
2 1 605 733 861 XOR
2 1 606 734 862 XOR
2 1 607 735 863 XOR
2 1 608 736 864 XOR
2 1 609 737 865 XOR
2 1 610 738 866 XOR
2 1 611 739 867 XOR
2 1 612 740 868 XOR
2 1 613 741 869 XOR
2 1 614 742 870 XOR
2 1 615 743 871 XOR
2 1 616 744 872 XOR
2 1 617 745 873 XOR
2 1 618 746 874 XOR
2 1 619 747 875 XOR
2 1 620 748 876 XOR
2 1 621 749 877 XOR
2 1 622 750 878 XOR
2 1 623 751 879 XOR
2 1 624 752 880 XOR
2 1 625 753 881 XOR
2 1 626 754 882 XOR
2 1 627 755 883 XOR
2 1 628 756 884 XOR
2 1 629 757 885 XOR
2 1 630 758 886 XOR
2 1 631 759 887 XOR
2 1 632 760 888 XOR
2 1 633 761 889 XOR
2 1 634 762 890 XOR
2 1 635 763 891 XOR
2 1 636 764 892 XOR
2 1 637 765 893 XOR
2 1 638 766 894 XOR
2 1 639 767 895 XOR
2 1 640 768 896 XOR
2 1 641 769 897 XOR
2 1 0 1 898 AND
2 1 0 2 899 AND
2 1 0 3 900 AND
2 1 0 4 901 AND
2 1 0 5 902 AND
2 1 0 6 903 AND
2 1 0 7 904 AND
2 1 0 8 905 AND
2 1 0 9 906 AND
2 1 0 10 907 AND
2 1 0 11 908 AND
2 1 0 12 909 AND
2 1 0 13 910 AND
2 1 0 14 911 AND
2 1 0 15 912 AND
2 1 0 16 913 AND
2 1 0 17 914 AND
2 1 0 18 915 AND
2 1 0 19 916 AND
2 1 0 20 917 AND
2 1 0 21 918 AND
2 1 0 22 919 AND
2 1 0 23 920 AND
2 1 0 24 921 AND
2 1 0 25 922 AND
2 1 0 26 923 AND
2 1 0 27 924 AND
2 1 0 28 925 AND
2 1 0 29 926 AND
2 1 0 30 927 AND
2 1 0 31 928 AND
2 1 0 32 929 AND
2 1 0 33 930 AND
2 1 0 34 931 AND
2 1 0 35 932 AND
2 1 0 36 933 AND
2 1 0 37 934 AND
2 1 0 38 935 AND
2 1 0 39 936 AND
2 1 0 40 937 AND
2 1 0 41 938 AND
2 1 0 42 939 AND
2 1 0 43 940 AND
2 1 0 44 941 AND
2 1 0 45 942 AND
2 1 0 46 943 AND
2 1 0 47 944 AND
2 1 0 48 945 AND
2 1 0 49 946 AND
2 1 0 50 947 AND
2 1 0 51 948 AND
2 1 0 52 949 AND
2 1 0 53 950 AND
2 1 0 54 951 AND
2 1 0 55 952 AND
2 1 0 56 953 AND
2 1 0 57 954 AND
2 1 0 58 955 AND
2 1 0 59 956 AND
2 1 0 60 957 AND
2 1 0 61 958 AND
2 1 0 62 959 AND
2 1 0 63 960 AND
2 1 0 64 961 AND
2 1 0 65 962 AND
2 1 0 66 963 AND
2 1 0 67 964 AND
2 1 0 68 965 AND
2 1 0 69 966 AND
2 1 0 70 967 AND
2 1 0 71 968 AND
2 1 0 72 969 AND
2 1 0 73 970 AND
2 1 0 74 971 AND
2 1 0 75 972 AND
2 1 0 76 973 AND
2 1 0 77 974 AND
2 1 0 78 975 AND
2 1 0 79 976 AND
2 1 0 80 977 AND
2 1 0 81 978 AND
2 1 0 82 979 AND
2 1 0 83 980 AND
2 1 0 84 981 AND
2 1 0 85 982 AND
2 1 0 86 983 AND
2 1 0 87 984 AND
2 1 0 88 985 AND
2 1 0 89 986 AND
2 1 0 90 987 AND
2 1 0 91 988 AND
2 1 0 92 989 AND
2 1 0 93 990 AND
2 1 0 94 991 AND
2 1 0 95 992 AND
2 1 0 96 993 AND
2 1 0 97 994 AND
2 1 0 98 995 AND
2 1 0 99 996 AND
2 1 0 100 997 AND
2 1 0 101 998 AND
2 1 0 102 999 AND
2 1 0 103 1000 AND
2 1 0 104 1001 AND
2 1 0 105 1002 AND
2 1 0 106 1003 AND
2 1 0 107 1004 AND
2 1 0 108 1005 AND
2 1 0 109 1006 AND
2 1 0 110 1007 AND
2 1 0 111 1008 AND
2 1 0 112 1009 AND
2 1 0 113 1010 AND
2 1 0 114 1011 AND
2 1 0 115 1012 AND
2 1 0 116 1013 AND
2 1 0 117 1014 AND
2 1 0 118 1015 AND
2 1 0 119 1016 AND
2 1 0 120 1017 AND
2 1 0 121 1018 AND
2 1 0 122 1019 AND
2 1 0 123 1020 AND
2 1 0 124 1021 AND
2 1 0 125 1022 AND
2 1 0 126 1023 AND
2 1 0 127 1024 AND
2 1 0 128 1025 AND
2 1 513 129 1026 AND
2 1 513 130 1027 AND
2 1 513 131 1028 AND
2 1 513 132 1029 AND
2 1 513 133 1030 AND
2 1 513 134 1031 AND
2 1 513 135 1032 AND
2 1 513 136 1033 AND
2 1 513 137 1034 AND
2 1 513 138 1035 AND
2 1 513 139 1036 AND
2 1 513 140 1037 AND
2 1 513 141 1038 AND
2 1 513 142 1039 AND
2 1 513 143 1040 AND
2 1 513 144 1041 AND
2 1 513 145 1042 AND
2 1 513 146 1043 AND
2 1 513 147 1044 AND
2 1 513 148 1045 AND
2 1 513 149 1046 AND
2 1 513 150 1047 AND
2 1 513 151 1048 AND
2 1 513 152 1049 AND
2 1 513 153 1050 AND
2 1 513 154 1051 AND
2 1 513 155 1052 AND
2 1 513 156 1053 AND
2 1 513 157 1054 AND
2 1 513 158 1055 AND
2 1 513 159 1056 AND
2 1 513 160 1057 AND
2 1 513 161 1058 AND
2 1 513 162 1059 AND
2 1 513 163 1060 AND
2 1 513 164 1061 AND
2 1 513 165 1062 AND
2 1 513 166 1063 AND
2 1 513 167 1064 AND
2 1 513 168 1065 AND
2 1 513 169 1066 AND
2 1 513 170 1067 AND
2 1 513 171 1068 AND
2 1 513 172 1069 AND
2 1 513 173 1070 AND
2 1 513 174 1071 AND
2 1 513 175 1072 AND
2 1 513 176 1073 AND
2 1 513 177 1074 AND
2 1 513 178 1075 AND
2 1 513 179 1076 AND
2 1 513 180 1077 AND
2 1 513 181 1078 AND
2 1 513 182 1079 AND
2 1 513 183 1080 AND
2 1 513 184 1081 AND
2 1 513 185 1082 AND
2 1 513 186 1083 AND
2 1 513 187 1084 AND
2 1 513 188 1085 AND
2 1 513 189 1086 AND
2 1 513 190 1087 AND
2 1 513 191 1088 AND
2 1 513 192 1089 AND
2 1 513 193 1090 AND
2 1 513 194 1091 AND
2 1 513 195 1092 AND
2 1 513 196 1093 AND
2 1 513 197 1094 AND
2 1 513 198 1095 AND
2 1 513 199 1096 AND
2 1 513 200 1097 AND
2 1 513 201 1098 AND
2 1 513 202 1099 AND
2 1 513 203 1100 AND
2 1 513 204 1101 AND
2 1 513 205 1102 AND
2 1 513 206 1103 AND
2 1 513 207 1104 AND
2 1 513 208 1105 AND
2 1 513 209 1106 AND
2 1 513 210 1107 AND
2 1 513 211 1108 AND
2 1 513 212 1109 AND
2 1 513 213 1110 AND
2 1 513 214 1111 AND
2 1 513 215 1112 AND
2 1 513 216 1113 AND
2 1 513 217 1114 AND
2 1 513 218 1115 AND
2 1 513 219 1116 AND
2 1 513 220 1117 AND
2 1 513 221 1118 AND
2 1 513 222 1119 AND
2 1 513 223 1120 AND
2 1 513 224 1121 AND
2 1 513 225 1122 AND
2 1 513 226 1123 AND
2 1 513 227 1124 AND
2 1 513 228 1125 AND
2 1 513 229 1126 AND
2 1 513 230 1127 AND
2 1 513 231 1128 AND
2 1 513 232 1129 AND
2 1 513 233 1130 AND
2 1 513 234 1131 AND
2 1 513 235 1132 AND
2 1 513 236 1133 AND
2 1 513 237 1134 AND
2 1 513 238 1135 AND
2 1 513 239 1136 AND
2 1 513 240 1137 AND
2 1 513 241 1138 AND
2 1 513 242 1139 AND
2 1 513 243 1140 AND
2 1 513 244 1141 AND
2 1 513 245 1142 AND
2 1 513 246 1143 AND
2 1 513 247 1144 AND
2 1 513 248 1145 AND
2 1 513 249 1146 AND
2 1 513 250 1147 AND
2 1 513 251 1148 AND
2 1 513 252 1149 AND
2 1 513 253 1150 AND
2 1 513 254 1151 AND
2 1 513 255 1152 AND
2 1 513 256 1153 AND
2 1 898 1026 1154 XOR
2 1 899 1027 1155 XOR
2 1 900 1028 1156 XOR
2 1 901 1029 1157 XOR
2 1 902 1030 1158 XOR
2 1 903 1031 1159 XOR
2 1 904 1032 1160 XOR
2 1 905 1033 1161 XOR
2 1 906 1034 1162 XOR
2 1 907 1035 1163 XOR
2 1 908 1036 1164 XOR
2 1 909 1037 1165 XOR
2 1 910 1038 1166 XOR
2 1 911 1039 1167 XOR
2 1 912 1040 1168 XOR
2 1 913 1041 1169 XOR
2 1 914 1042 1170 XOR
2 1 915 1043 1171 XOR
2 1 916 1044 1172 XOR
2 1 917 1045 1173 XOR
2 1 918 1046 1174 XOR
2 1 919 1047 1175 XOR
2 1 920 1048 1176 XOR
2 1 921 1049 1177 XOR
2 1 922 1050 1178 XOR
2 1 923 1051 1179 XOR
2 1 924 1052 1180 XOR
2 1 925 1053 1181 XOR
2 1 926 1054 1182 XOR
2 1 927 1055 1183 XOR
2 1 928 1056 1184 XOR
2 1 929 1057 1185 XOR
2 1 930 1058 1186 XOR
2 1 931 1059 1187 XOR
2 1 932 1060 1188 XOR
2 1 933 1061 1189 XOR
2 1 934 1062 1190 XOR
2 1 935 1063 1191 XOR
2 1 936 1064 1192 XOR
2 1 937 1065 1193 XOR
2 1 938 1066 1194 XOR
2 1 939 1067 1195 XOR
2 1 940 1068 1196 XOR
2 1 941 1069 1197 XOR
2 1 942 1070 1198 XOR
2 1 943 1071 1199 XOR
2 1 944 1072 1200 XOR
2 1 945 1073 1201 XOR
2 1 946 1074 1202 XOR
2 1 947 1075 1203 XOR
2 1 948 1076 1204 XOR
2 1 949 1077 1205 XOR
2 1 950 1078 1206 XOR
2 1 951 1079 1207 XOR
2 1 952 1080 1208 XOR
2 1 953 1081 1209 XOR
2 1 954 1082 1210 XOR
2 1 955 1083 1211 XOR
2 1 956 1084 1212 XOR
2 1 957 1085 1213 XOR
2 1 958 1086 1214 XOR
2 1 959 1087 1215 XOR
2 1 960 1088 1216 XOR
2 1 961 1089 1217 XOR
2 1 962 1090 1218 XOR
2 1 963 1091 1219 XOR
2 1 964 1092 1220 XOR
2 1 965 1093 1221 XOR
2 1 966 1094 1222 XOR
2 1 967 1095 1223 XOR
2 1 968 1096 1224 XOR
2 1 969 1097 1225 XOR
2 1 970 1098 1226 XOR
2 1 971 1099 1227 XOR
2 1 972 1100 1228 XOR
2 1 973 1101 1229 XOR
2 1 974 1102 1230 XOR
2 1 975 1103 1231 XOR
2 1 976 1104 1232 XOR
2 1 977 1105 1233 XOR
2 1 978 1106 1234 XOR
2 1 979 1107 1235 XOR
2 1 980 1108 1236 XOR
2 1 981 1109 1237 XOR
2 1 982 1110 1238 XOR
2 1 983 1111 1239 XOR
2 1 984 1112 1240 XOR
2 1 985 1113 1241 XOR
2 1 986 1114 1242 XOR
2 1 987 1115 1243 XOR
2 1 988 1116 1244 XOR
2 1 989 1117 1245 XOR
2 1 990 1118 1246 XOR
2 1 991 1119 1247 XOR
2 1 992 1120 1248 XOR
2 1 993 1121 1249 XOR
2 1 994 1122 1250 XOR
2 1 995 1123 1251 XOR
2 1 996 1124 1252 XOR
2 1 997 1125 1253 XOR
2 1 998 1126 1254 XOR
2 1 999 1127 1255 XOR
2 1 1000 1128 1256 XOR
2 1 1001 1129 1257 XOR
2 1 1002 1130 1258 XOR
2 1 1003 1131 1259 XOR
2 1 1004 1132 1260 XOR
2 1 1005 1133 1261 XOR
2 1 1006 1134 1262 XOR
2 1 1007 1135 1263 XOR
2 1 1008 1136 1264 XOR
2 1 1009 1137 1265 XOR
2 1 1010 1138 1266 XOR
2 1 1011 1139 1267 XOR
2 1 1012 1140 1268 XOR
2 1 1013 1141 1269 XOR
2 1 1014 1142 1270 XOR
2 1 1015 1143 1271 XOR
2 1 1016 1144 1272 XOR
2 1 1017 1145 1273 XOR
2 1 1018 1146 1274 XOR
2 1 1019 1147 1275 XOR
2 1 1020 1148 1276 XOR
2 1 1021 1149 1277 XOR
2 1 1022 1150 1278 XOR
2 1 1023 1151 1279 XOR
2 1 1024 1152 1280 XOR
2 1 1025 1153 1281 XOR
2 1 257 770 1282 XOR
2 1 258 771 1283 XOR
2 1 259 772 1284 XOR
2 1 260 773 1285 XOR
2 1 261 774 1286 XOR
2 1 262 775 1287 XOR
2 1 263 776 1288 XOR
2 1 264 777 1289 XOR
2 1 265 778 1290 XOR
2 1 266 779 1291 XOR
2 1 267 780 1292 XOR
2 1 268 781 1293 XOR
2 1 269 782 1294 XOR
2 1 270 783 1295 XOR
2 1 271 784 1296 XOR
2 1 272 785 1297 XOR
2 1 273 786 1298 XOR
2 1 274 787 1299 XOR
2 1 275 788 1300 XOR
2 1 276 789 1301 XOR
2 1 277 790 1302 XOR
2 1 278 791 1303 XOR
2 1 279 792 1304 XOR
2 1 280 793 1305 XOR
2 1 281 794 1306 XOR
2 1 282 795 1307 XOR
2 1 283 796 1308 XOR
2 1 284 797 1309 XOR
2 1 285 798 1310 XOR
2 1 286 799 1311 XOR
2 1 287 800 1312 XOR
2 1 288 801 1313 XOR
2 1 289 802 1314 XOR
2 1 290 803 1315 XOR
2 1 291 804 1316 XOR
2 1 292 805 1317 XOR
2 1 293 806 1318 XOR
2 1 294 807 1319 XOR
2 1 295 808 1320 XOR
2 1 296 809 1321 XOR
2 1 297 810 1322 XOR
2 1 298 811 1323 XOR
2 1 299 812 1324 XOR
2 1 300 813 1325 XOR
2 1 301 814 1326 XOR
2 1 302 815 1327 XOR
2 1 303 816 1328 XOR
2 1 304 817 1329 XOR
2 1 305 818 1330 XOR
2 1 306 819 1331 XOR
2 1 307 820 1332 XOR
2 1 308 821 1333 XOR
2 1 309 822 1334 XOR
2 1 310 823 1335 XOR
2 1 311 824 1336 XOR
2 1 312 825 1337 XOR
2 1 313 826 1338 XOR
2 1 314 827 1339 XOR
2 1 315 828 1340 XOR
2 1 316 829 1341 XOR
2 1 317 830 1342 XOR
2 1 318 831 1343 XOR
2 1 319 832 1344 XOR
2 1 320 833 1345 XOR
2 1 321 834 1346 XOR
2 1 322 835 1347 XOR
2 1 323 836 1348 XOR
2 1 324 837 1349 XOR
2 1 325 838 1350 XOR
2 1 326 839 1351 XOR
2 1 327 840 1352 XOR
2 1 328 841 1353 XOR
2 1 329 842 1354 XOR
2 1 330 843 1355 XOR
2 1 331 844 1356 XOR
2 1 332 845 1357 XOR
2 1 333 846 1358 XOR
2 1 334 847 1359 XOR
2 1 335 848 1360 XOR
2 1 336 849 1361 XOR
2 1 337 850 1362 XOR
2 1 338 851 1363 XOR
2 1 339 852 1364 XOR
2 1 340 853 1365 XOR
2 1 341 854 1366 XOR
2 1 342 855 1367 XOR
2 1 343 856 1368 XOR
2 1 344 857 1369 XOR
2 1 345 858 1370 XOR
2 1 346 859 1371 XOR
2 1 347 860 1372 XOR
2 1 348 861 1373 XOR
2 1 349 862 1374 XOR
2 1 350 863 1375 XOR
2 1 351 864 1376 XOR
2 1 352 865 1377 XOR
2 1 353 866 1378 XOR
2 1 354 867 1379 XOR
2 1 355 868 1380 XOR
2 1 356 869 1381 XOR
2 1 357 870 1382 XOR
2 1 358 871 1383 XOR
2 1 359 872 1384 XOR
2 1 360 873 1385 XOR
2 1 361 874 1386 XOR
2 1 362 875 1387 XOR
2 1 363 876 1388 XOR
2 1 364 877 1389 XOR
2 1 365 878 1390 XOR
2 1 366 879 1391 XOR
2 1 367 880 1392 XOR
2 1 368 881 1393 XOR
2 1 369 882 1394 XOR
2 1 370 883 1395 XOR
2 1 371 884 1396 XOR
2 1 372 885 1397 XOR
2 1 373 886 1398 XOR
2 1 374 887 1399 XOR
2 1 375 888 1400 XOR
2 1 376 889 1401 XOR
2 1 377 890 1402 XOR
2 1 378 891 1403 XOR
2 1 379 892 1404 XOR
2 1 380 893 1405 XOR
2 1 381 894 1406 XOR
2 1 382 895 1407 XOR
2 1 383 896 1408 XOR
2 1 384 897 1409 XOR
2 1 385 1154 1410 XOR
2 1 386 1155 1411 XOR
2 1 387 1156 1412 XOR
2 1 388 1157 1413 XOR
2 1 389 1158 1414 XOR
2 1 390 1159 1415 XOR
2 1 391 1160 1416 XOR
2 1 392 1161 1417 XOR
2 1 393 1162 1418 XOR
2 1 394 1163 1419 XOR
2 1 395 1164 1420 XOR
2 1 396 1165 1421 XOR
2 1 397 1166 1422 XOR
2 1 398 1167 1423 XOR
2 1 399 1168 1424 XOR
2 1 400 1169 1425 XOR
2 1 401 1170 1426 XOR
2 1 402 1171 1427 XOR
2 1 403 1172 1428 XOR
2 1 404 1173 1429 XOR
2 1 405 1174 1430 XOR
2 1 406 1175 1431 XOR
2 1 407 1176 1432 XOR
2 1 408 1177 1433 XOR
2 1 409 1178 1434 XOR
2 1 410 1179 1435 XOR
2 1 411 1180 1436 XOR
2 1 412 1181 1437 XOR
2 1 413 1182 1438 XOR
2 1 414 1183 1439 XOR
2 1 415 1184 1440 XOR
2 1 416 1185 1441 XOR
2 1 417 1186 1442 XOR
2 1 418 1187 1443 XOR
2 1 419 1188 1444 XOR
2 1 420 1189 1445 XOR
2 1 421 1190 1446 XOR
2 1 422 1191 1447 XOR
2 1 423 1192 1448 XOR
2 1 424 1193 1449 XOR
2 1 425 1194 1450 XOR
2 1 426 1195 1451 XOR
2 1 427 1196 1452 XOR
2 1 428 1197 1453 XOR
2 1 429 1198 1454 XOR
2 1 430 1199 1455 XOR
2 1 431 1200 1456 XOR
2 1 432 1201 1457 XOR
2 1 433 1202 1458 XOR
2 1 434 1203 1459 XOR
2 1 435 1204 1460 XOR
2 1 436 1205 1461 XOR
2 1 437 1206 1462 XOR
2 1 438 1207 1463 XOR
2 1 439 1208 1464 XOR
2 1 440 1209 1465 XOR
2 1 441 1210 1466 XOR
2 1 442 1211 1467 XOR
2 1 443 1212 1468 XOR
2 1 444 1213 1469 XOR
2 1 445 1214 1470 XOR
2 1 446 1215 1471 XOR
2 1 447 1216 1472 XOR
2 1 448 1217 1473 XOR
2 1 449 1218 1474 XOR
2 1 450 1219 1475 XOR
2 1 451 1220 1476 XOR
2 1 452 1221 1477 XOR
2 1 453 1222 1478 XOR
2 1 454 1223 1479 XOR
2 1 455 1224 1480 XOR
2 1 456 1225 1481 XOR
2 1 457 1226 1482 XOR
2 1 458 1227 1483 XOR
2 1 459 1228 1484 XOR
2 1 460 1229 1485 XOR
2 1 461 1230 1486 XOR
2 1 462 1231 1487 XOR
2 1 463 1232 1488 XOR
2 1 464 1233 1489 XOR
2 1 465 1234 1490 XOR
2 1 466 1235 1491 XOR
2 1 467 1236 1492 XOR
2 1 468 1237 1493 XOR
2 1 469 1238 1494 XOR
2 1 470 1239 1495 XOR
2 1 471 1240 1496 XOR
2 1 472 1241 1497 XOR
2 1 473 1242 1498 XOR
2 1 474 1243 1499 XOR
2 1 475 1244 1500 XOR
2 1 476 1245 1501 XOR
2 1 477 1246 1502 XOR
2 1 478 1247 1503 XOR
2 1 479 1248 1504 XOR
2 1 480 1249 1505 XOR
2 1 481 1250 1506 XOR
2 1 482 1251 1507 XOR
2 1 483 1252 1508 XOR
2 1 484 1253 1509 XOR
2 1 485 1254 1510 XOR
2 1 486 1255 1511 XOR
2 1 487 1256 1512 XOR
2 1 488 1257 1513 XOR
2 1 489 1258 1514 XOR
2 1 490 1259 1515 XOR
2 1 491 1260 1516 XOR
2 1 492 1261 1517 XOR
2 1 493 1262 1518 XOR
2 1 494 1263 1519 XOR
2 1 495 1264 1520 XOR
2 1 496 1265 1521 XOR
2 1 497 1266 1522 XOR
2 1 498 1267 1523 XOR
2 1 499 1268 1524 XOR
2 1 500 1269 1525 XOR
2 1 501 1270 1526 XOR
2 1 502 1271 1527 XOR
2 1 503 1272 1528 XOR
2 1 504 1273 1529 XOR
2 1 505 1274 1530 XOR
2 1 506 1275 1531 XOR
2 1 507 1276 1532 XOR
2 1 508 1277 1533 XOR
2 1 509 1278 1534 XOR
2 1 510 1279 1535 XOR
2 1 511 1280 1536 XOR
2 1 512 1281 1537 XOR
