2049 3074
5 1 256 256 256 256
2 256 256

1 1 0 1025 INV
2 1 0 257 1026 AND
2 1 0 258 1027 AND
2 1 0 259 1028 AND
2 1 0 260 1029 AND
2 1 0 261 1030 AND
2 1 0 262 1031 AND
2 1 0 263 1032 AND
2 1 0 264 1033 AND
2 1 0 265 1034 AND
2 1 0 266 1035 AND
2 1 0 267 1036 AND
2 1 0 268 1037 AND
2 1 0 269 1038 AND
2 1 0 270 1039 AND
2 1 0 271 1040 AND
2 1 0 272 1041 AND
2 1 0 273 1042 AND
2 1 0 274 1043 AND
2 1 0 275 1044 AND
2 1 0 276 1045 AND
2 1 0 277 1046 AND
2 1 0 278 1047 AND
2 1 0 279 1048 AND
2 1 0 280 1049 AND
2 1 0 281 1050 AND
2 1 0 282 1051 AND
2 1 0 283 1052 AND
2 1 0 284 1053 AND
2 1 0 285 1054 AND
2 1 0 286 1055 AND
2 1 0 287 1056 AND
2 1 0 288 1057 AND
2 1 0 289 1058 AND
2 1 0 290 1059 AND
2 1 0 291 1060 AND
2 1 0 292 1061 AND
2 1 0 293 1062 AND
2 1 0 294 1063 AND
2 1 0 295 1064 AND
2 1 0 296 1065 AND
2 1 0 297 1066 AND
2 1 0 298 1067 AND
2 1 0 299 1068 AND
2 1 0 300 1069 AND
2 1 0 301 1070 AND
2 1 0 302 1071 AND
2 1 0 303 1072 AND
2 1 0 304 1073 AND
2 1 0 305 1074 AND
2 1 0 306 1075 AND
2 1 0 307 1076 AND
2 1 0 308 1077 AND
2 1 0 309 1078 AND
2 1 0 310 1079 AND
2 1 0 311 1080 AND
2 1 0 312 1081 AND
2 1 0 313 1082 AND
2 1 0 314 1083 AND
2 1 0 315 1084 AND
2 1 0 316 1085 AND
2 1 0 317 1086 AND
2 1 0 318 1087 AND
2 1 0 319 1088 AND
2 1 0 320 1089 AND
2 1 0 321 1090 AND
2 1 0 322 1091 AND
2 1 0 323 1092 AND
2 1 0 324 1093 AND
2 1 0 325 1094 AND
2 1 0 326 1095 AND
2 1 0 327 1096 AND
2 1 0 328 1097 AND
2 1 0 329 1098 AND
2 1 0 330 1099 AND
2 1 0 331 1100 AND
2 1 0 332 1101 AND
2 1 0 333 1102 AND
2 1 0 334 1103 AND
2 1 0 335 1104 AND
2 1 0 336 1105 AND
2 1 0 337 1106 AND
2 1 0 338 1107 AND
2 1 0 339 1108 AND
2 1 0 340 1109 AND
2 1 0 341 1110 AND
2 1 0 342 1111 AND
2 1 0 343 1112 AND
2 1 0 344 1113 AND
2 1 0 345 1114 AND
2 1 0 346 1115 AND
2 1 0 347 1116 AND
2 1 0 348 1117 AND
2 1 0 349 1118 AND
2 1 0 350 1119 AND
2 1 0 351 1120 AND
2 1 0 352 1121 AND
2 1 0 353 1122 AND
2 1 0 354 1123 AND
2 1 0 355 1124 AND
2 1 0 356 1125 AND
2 1 0 357 1126 AND
2 1 0 358 1127 AND
2 1 0 359 1128 AND
2 1 0 360 1129 AND
2 1 0 361 1130 AND
2 1 0 362 1131 AND
2 1 0 363 1132 AND
2 1 0 364 1133 AND
2 1 0 365 1134 AND
2 1 0 366 1135 AND
2 1 0 367 1136 AND
2 1 0 368 1137 AND
2 1 0 369 1138 AND
2 1 0 370 1139 AND
2 1 0 371 1140 AND
2 1 0 372 1141 AND
2 1 0 373 1142 AND
2 1 0 374 1143 AND
2 1 0 375 1144 AND
2 1 0 376 1145 AND
2 1 0 377 1146 AND
2 1 0 378 1147 AND
2 1 0 379 1148 AND
2 1 0 380 1149 AND
2 1 0 381 1150 AND
2 1 0 382 1151 AND
2 1 0 383 1152 AND
2 1 0 384 1153 AND
2 1 0 385 1154 AND
2 1 0 386 1155 AND
2 1 0 387 1156 AND
2 1 0 388 1157 AND
2 1 0 389 1158 AND
2 1 0 390 1159 AND
2 1 0 391 1160 AND
2 1 0 392 1161 AND
2 1 0 393 1162 AND
2 1 0 394 1163 AND
2 1 0 395 1164 AND
2 1 0 396 1165 AND
2 1 0 397 1166 AND
2 1 0 398 1167 AND
2 1 0 399 1168 AND
2 1 0 400 1169 AND
2 1 0 401 1170 AND
2 1 0 402 1171 AND
2 1 0 403 1172 AND
2 1 0 404 1173 AND
2 1 0 405 1174 AND
2 1 0 406 1175 AND
2 1 0 407 1176 AND
2 1 0 408 1177 AND
2 1 0 409 1178 AND
2 1 0 410 1179 AND
2 1 0 411 1180 AND
2 1 0 412 1181 AND
2 1 0 413 1182 AND
2 1 0 414 1183 AND
2 1 0 415 1184 AND
2 1 0 416 1185 AND
2 1 0 417 1186 AND
2 1 0 418 1187 AND
2 1 0 419 1188 AND
2 1 0 420 1189 AND
2 1 0 421 1190 AND
2 1 0 422 1191 AND
2 1 0 423 1192 AND
2 1 0 424 1193 AND
2 1 0 425 1194 AND
2 1 0 426 1195 AND
2 1 0 427 1196 AND
2 1 0 428 1197 AND
2 1 0 429 1198 AND
2 1 0 430 1199 AND
2 1 0 431 1200 AND
2 1 0 432 1201 AND
2 1 0 433 1202 AND
2 1 0 434 1203 AND
2 1 0 435 1204 AND
2 1 0 436 1205 AND
2 1 0 437 1206 AND
2 1 0 438 1207 AND
2 1 0 439 1208 AND
2 1 0 440 1209 AND
2 1 0 441 1210 AND
2 1 0 442 1211 AND
2 1 0 443 1212 AND
2 1 0 444 1213 AND
2 1 0 445 1214 AND
2 1 0 446 1215 AND
2 1 0 447 1216 AND
2 1 0 448 1217 AND
2 1 0 449 1218 AND
2 1 0 450 1219 AND
2 1 0 451 1220 AND
2 1 0 452 1221 AND
2 1 0 453 1222 AND
2 1 0 454 1223 AND
2 1 0 455 1224 AND
2 1 0 456 1225 AND
2 1 0 457 1226 AND
2 1 0 458 1227 AND
2 1 0 459 1228 AND
2 1 0 460 1229 AND
2 1 0 461 1230 AND
2 1 0 462 1231 AND
2 1 0 463 1232 AND
2 1 0 464 1233 AND
2 1 0 465 1234 AND
2 1 0 466 1235 AND
2 1 0 467 1236 AND
2 1 0 468 1237 AND
2 1 0 469 1238 AND
2 1 0 470 1239 AND
2 1 0 471 1240 AND
2 1 0 472 1241 AND
2 1 0 473 1242 AND
2 1 0 474 1243 AND
2 1 0 475 1244 AND
2 1 0 476 1245 AND
2 1 0 477 1246 AND
2 1 0 478 1247 AND
2 1 0 479 1248 AND
2 1 0 480 1249 AND
2 1 0 481 1250 AND
2 1 0 482 1251 AND
2 1 0 483 1252 AND
2 1 0 484 1253 AND
2 1 0 485 1254 AND
2 1 0 486 1255 AND
2 1 0 487 1256 AND
2 1 0 488 1257 AND
2 1 0 489 1258 AND
2 1 0 490 1259 AND
2 1 0 491 1260 AND
2 1 0 492 1261 AND
2 1 0 493 1262 AND
2 1 0 494 1263 AND
2 1 0 495 1264 AND
2 1 0 496 1265 AND
2 1 0 497 1266 AND
2 1 0 498 1267 AND
2 1 0 499 1268 AND
2 1 0 500 1269 AND
2 1 0 501 1270 AND
2 1 0 502 1271 AND
2 1 0 503 1272 AND
2 1 0 504 1273 AND
2 1 0 505 1274 AND
2 1 0 506 1275 AND
2 1 0 507 1276 AND
2 1 0 508 1277 AND
2 1 0 509 1278 AND
2 1 0 510 1279 AND
2 1 0 511 1280 AND
2 1 0 512 1281 AND
2 1 1025 1 1282 AND
2 1 1025 2 1283 AND
2 1 1025 3 1284 AND
2 1 1025 4 1285 AND
2 1 1025 5 1286 AND
2 1 1025 6 1287 AND
2 1 1025 7 1288 AND
2 1 1025 8 1289 AND
2 1 1025 9 1290 AND
2 1 1025 10 1291 AND
2 1 1025 11 1292 AND
2 1 1025 12 1293 AND
2 1 1025 13 1294 AND
2 1 1025 14 1295 AND
2 1 1025 15 1296 AND
2 1 1025 16 1297 AND
2 1 1025 17 1298 AND
2 1 1025 18 1299 AND
2 1 1025 19 1300 AND
2 1 1025 20 1301 AND
2 1 1025 21 1302 AND
2 1 1025 22 1303 AND
2 1 1025 23 1304 AND
2 1 1025 24 1305 AND
2 1 1025 25 1306 AND
2 1 1025 26 1307 AND
2 1 1025 27 1308 AND
2 1 1025 28 1309 AND
2 1 1025 29 1310 AND
2 1 1025 30 1311 AND
2 1 1025 31 1312 AND
2 1 1025 32 1313 AND
2 1 1025 33 1314 AND
2 1 1025 34 1315 AND
2 1 1025 35 1316 AND
2 1 1025 36 1317 AND
2 1 1025 37 1318 AND
2 1 1025 38 1319 AND
2 1 1025 39 1320 AND
2 1 1025 40 1321 AND
2 1 1025 41 1322 AND
2 1 1025 42 1323 AND
2 1 1025 43 1324 AND
2 1 1025 44 1325 AND
2 1 1025 45 1326 AND
2 1 1025 46 1327 AND
2 1 1025 47 1328 AND
2 1 1025 48 1329 AND
2 1 1025 49 1330 AND
2 1 1025 50 1331 AND
2 1 1025 51 1332 AND
2 1 1025 52 1333 AND
2 1 1025 53 1334 AND
2 1 1025 54 1335 AND
2 1 1025 55 1336 AND
2 1 1025 56 1337 AND
2 1 1025 57 1338 AND
2 1 1025 58 1339 AND
2 1 1025 59 1340 AND
2 1 1025 60 1341 AND
2 1 1025 61 1342 AND
2 1 1025 62 1343 AND
2 1 1025 63 1344 AND
2 1 1025 64 1345 AND
2 1 1025 65 1346 AND
2 1 1025 66 1347 AND
2 1 1025 67 1348 AND
2 1 1025 68 1349 AND
2 1 1025 69 1350 AND
2 1 1025 70 1351 AND
2 1 1025 71 1352 AND
2 1 1025 72 1353 AND
2 1 1025 73 1354 AND
2 1 1025 74 1355 AND
2 1 1025 75 1356 AND
2 1 1025 76 1357 AND
2 1 1025 77 1358 AND
2 1 1025 78 1359 AND
2 1 1025 79 1360 AND
2 1 1025 80 1361 AND
2 1 1025 81 1362 AND
2 1 1025 82 1363 AND
2 1 1025 83 1364 AND
2 1 1025 84 1365 AND
2 1 1025 85 1366 AND
2 1 1025 86 1367 AND
2 1 1025 87 1368 AND
2 1 1025 88 1369 AND
2 1 1025 89 1370 AND
2 1 1025 90 1371 AND
2 1 1025 91 1372 AND
2 1 1025 92 1373 AND
2 1 1025 93 1374 AND
2 1 1025 94 1375 AND
2 1 1025 95 1376 AND
2 1 1025 96 1377 AND
2 1 1025 97 1378 AND
2 1 1025 98 1379 AND
2 1 1025 99 1380 AND
2 1 1025 100 1381 AND
2 1 1025 101 1382 AND
2 1 1025 102 1383 AND
2 1 1025 103 1384 AND
2 1 1025 104 1385 AND
2 1 1025 105 1386 AND
2 1 1025 106 1387 AND
2 1 1025 107 1388 AND
2 1 1025 108 1389 AND
2 1 1025 109 1390 AND
2 1 1025 110 1391 AND
2 1 1025 111 1392 AND
2 1 1025 112 1393 AND
2 1 1025 113 1394 AND
2 1 1025 114 1395 AND
2 1 1025 115 1396 AND
2 1 1025 116 1397 AND
2 1 1025 117 1398 AND
2 1 1025 118 1399 AND
2 1 1025 119 1400 AND
2 1 1025 120 1401 AND
2 1 1025 121 1402 AND
2 1 1025 122 1403 AND
2 1 1025 123 1404 AND
2 1 1025 124 1405 AND
2 1 1025 125 1406 AND
2 1 1025 126 1407 AND
2 1 1025 127 1408 AND
2 1 1025 128 1409 AND
2 1 1025 129 1410 AND
2 1 1025 130 1411 AND
2 1 1025 131 1412 AND
2 1 1025 132 1413 AND
2 1 1025 133 1414 AND
2 1 1025 134 1415 AND
2 1 1025 135 1416 AND
2 1 1025 136 1417 AND
2 1 1025 137 1418 AND
2 1 1025 138 1419 AND
2 1 1025 139 1420 AND
2 1 1025 140 1421 AND
2 1 1025 141 1422 AND
2 1 1025 142 1423 AND
2 1 1025 143 1424 AND
2 1 1025 144 1425 AND
2 1 1025 145 1426 AND
2 1 1025 146 1427 AND
2 1 1025 147 1428 AND
2 1 1025 148 1429 AND
2 1 1025 149 1430 AND
2 1 1025 150 1431 AND
2 1 1025 151 1432 AND
2 1 1025 152 1433 AND
2 1 1025 153 1434 AND
2 1 1025 154 1435 AND
2 1 1025 155 1436 AND
2 1 1025 156 1437 AND
2 1 1025 157 1438 AND
2 1 1025 158 1439 AND
2 1 1025 159 1440 AND
2 1 1025 160 1441 AND
2 1 1025 161 1442 AND
2 1 1025 162 1443 AND
2 1 1025 163 1444 AND
2 1 1025 164 1445 AND
2 1 1025 165 1446 AND
2 1 1025 166 1447 AND
2 1 1025 167 1448 AND
2 1 1025 168 1449 AND
2 1 1025 169 1450 AND
2 1 1025 170 1451 AND
2 1 1025 171 1452 AND
2 1 1025 172 1453 AND
2 1 1025 173 1454 AND
2 1 1025 174 1455 AND
2 1 1025 175 1456 AND
2 1 1025 176 1457 AND
2 1 1025 177 1458 AND
2 1 1025 178 1459 AND
2 1 1025 179 1460 AND
2 1 1025 180 1461 AND
2 1 1025 181 1462 AND
2 1 1025 182 1463 AND
2 1 1025 183 1464 AND
2 1 1025 184 1465 AND
2 1 1025 185 1466 AND
2 1 1025 186 1467 AND
2 1 1025 187 1468 AND
2 1 1025 188 1469 AND
2 1 1025 189 1470 AND
2 1 1025 190 1471 AND
2 1 1025 191 1472 AND
2 1 1025 192 1473 AND
2 1 1025 193 1474 AND
2 1 1025 194 1475 AND
2 1 1025 195 1476 AND
2 1 1025 196 1477 AND
2 1 1025 197 1478 AND
2 1 1025 198 1479 AND
2 1 1025 199 1480 AND
2 1 1025 200 1481 AND
2 1 1025 201 1482 AND
2 1 1025 202 1483 AND
2 1 1025 203 1484 AND
2 1 1025 204 1485 AND
2 1 1025 205 1486 AND
2 1 1025 206 1487 AND
2 1 1025 207 1488 AND
2 1 1025 208 1489 AND
2 1 1025 209 1490 AND
2 1 1025 210 1491 AND
2 1 1025 211 1492 AND
2 1 1025 212 1493 AND
2 1 1025 213 1494 AND
2 1 1025 214 1495 AND
2 1 1025 215 1496 AND
2 1 1025 216 1497 AND
2 1 1025 217 1498 AND
2 1 1025 218 1499 AND
2 1 1025 219 1500 AND
2 1 1025 220 1501 AND
2 1 1025 221 1502 AND
2 1 1025 222 1503 AND
2 1 1025 223 1504 AND
2 1 1025 224 1505 AND
2 1 1025 225 1506 AND
2 1 1025 226 1507 AND
2 1 1025 227 1508 AND
2 1 1025 228 1509 AND
2 1 1025 229 1510 AND
2 1 1025 230 1511 AND
2 1 1025 231 1512 AND
2 1 1025 232 1513 AND
2 1 1025 233 1514 AND
2 1 1025 234 1515 AND
2 1 1025 235 1516 AND
2 1 1025 236 1517 AND
2 1 1025 237 1518 AND
2 1 1025 238 1519 AND
2 1 1025 239 1520 AND
2 1 1025 240 1521 AND
2 1 1025 241 1522 AND
2 1 1025 242 1523 AND
2 1 1025 243 1524 AND
2 1 1025 244 1525 AND
2 1 1025 245 1526 AND
2 1 1025 246 1527 AND
2 1 1025 247 1528 AND
2 1 1025 248 1529 AND
2 1 1025 249 1530 AND
2 1 1025 250 1531 AND
2 1 1025 251 1532 AND
2 1 1025 252 1533 AND
2 1 1025 253 1534 AND
2 1 1025 254 1535 AND
2 1 1025 255 1536 AND
2 1 1025 256 1537 AND
2 1 1026 1282 1538 XOR
2 1 1027 1283 1539 XOR
2 1 1028 1284 1540 XOR
2 1 1029 1285 1541 XOR
2 1 1030 1286 1542 XOR
2 1 1031 1287 1543 XOR
2 1 1032 1288 1544 XOR
2 1 1033 1289 1545 XOR
2 1 1034 1290 1546 XOR
2 1 1035 1291 1547 XOR
2 1 1036 1292 1548 XOR
2 1 1037 1293 1549 XOR
2 1 1038 1294 1550 XOR
2 1 1039 1295 1551 XOR
2 1 1040 1296 1552 XOR
2 1 1041 1297 1553 XOR
2 1 1042 1298 1554 XOR
2 1 1043 1299 1555 XOR
2 1 1044 1300 1556 XOR
2 1 1045 1301 1557 XOR
2 1 1046 1302 1558 XOR
2 1 1047 1303 1559 XOR
2 1 1048 1304 1560 XOR
2 1 1049 1305 1561 XOR
2 1 1050 1306 1562 XOR
2 1 1051 1307 1563 XOR
2 1 1052 1308 1564 XOR
2 1 1053 1309 1565 XOR
2 1 1054 1310 1566 XOR
2 1 1055 1311 1567 XOR
2 1 1056 1312 1568 XOR
2 1 1057 1313 1569 XOR
2 1 1058 1314 1570 XOR
2 1 1059 1315 1571 XOR
2 1 1060 1316 1572 XOR
2 1 1061 1317 1573 XOR
2 1 1062 1318 1574 XOR
2 1 1063 1319 1575 XOR
2 1 1064 1320 1576 XOR
2 1 1065 1321 1577 XOR
2 1 1066 1322 1578 XOR
2 1 1067 1323 1579 XOR
2 1 1068 1324 1580 XOR
2 1 1069 1325 1581 XOR
2 1 1070 1326 1582 XOR
2 1 1071 1327 1583 XOR
2 1 1072 1328 1584 XOR
2 1 1073 1329 1585 XOR
2 1 1074 1330 1586 XOR
2 1 1075 1331 1587 XOR
2 1 1076 1332 1588 XOR
2 1 1077 1333 1589 XOR
2 1 1078 1334 1590 XOR
2 1 1079 1335 1591 XOR
2 1 1080 1336 1592 XOR
2 1 1081 1337 1593 XOR
2 1 1082 1338 1594 XOR
2 1 1083 1339 1595 XOR
2 1 1084 1340 1596 XOR
2 1 1085 1341 1597 XOR
2 1 1086 1342 1598 XOR
2 1 1087 1343 1599 XOR
2 1 1088 1344 1600 XOR
2 1 1089 1345 1601 XOR
2 1 1090 1346 1602 XOR
2 1 1091 1347 1603 XOR
2 1 1092 1348 1604 XOR
2 1 1093 1349 1605 XOR
2 1 1094 1350 1606 XOR
2 1 1095 1351 1607 XOR
2 1 1096 1352 1608 XOR
2 1 1097 1353 1609 XOR
2 1 1098 1354 1610 XOR
2 1 1099 1355 1611 XOR
2 1 1100 1356 1612 XOR
2 1 1101 1357 1613 XOR
2 1 1102 1358 1614 XOR
2 1 1103 1359 1615 XOR
2 1 1104 1360 1616 XOR
2 1 1105 1361 1617 XOR
2 1 1106 1362 1618 XOR
2 1 1107 1363 1619 XOR
2 1 1108 1364 1620 XOR
2 1 1109 1365 1621 XOR
2 1 1110 1366 1622 XOR
2 1 1111 1367 1623 XOR
2 1 1112 1368 1624 XOR
2 1 1113 1369 1625 XOR
2 1 1114 1370 1626 XOR
2 1 1115 1371 1627 XOR
2 1 1116 1372 1628 XOR
2 1 1117 1373 1629 XOR
2 1 1118 1374 1630 XOR
2 1 1119 1375 1631 XOR
2 1 1120 1376 1632 XOR
2 1 1121 1377 1633 XOR
2 1 1122 1378 1634 XOR
2 1 1123 1379 1635 XOR
2 1 1124 1380 1636 XOR
2 1 1125 1381 1637 XOR
2 1 1126 1382 1638 XOR
2 1 1127 1383 1639 XOR
2 1 1128 1384 1640 XOR
2 1 1129 1385 1641 XOR
2 1 1130 1386 1642 XOR
2 1 1131 1387 1643 XOR
2 1 1132 1388 1644 XOR
2 1 1133 1389 1645 XOR
2 1 1134 1390 1646 XOR
2 1 1135 1391 1647 XOR
2 1 1136 1392 1648 XOR
2 1 1137 1393 1649 XOR
2 1 1138 1394 1650 XOR
2 1 1139 1395 1651 XOR
2 1 1140 1396 1652 XOR
2 1 1141 1397 1653 XOR
2 1 1142 1398 1654 XOR
2 1 1143 1399 1655 XOR
2 1 1144 1400 1656 XOR
2 1 1145 1401 1657 XOR
2 1 1146 1402 1658 XOR
2 1 1147 1403 1659 XOR
2 1 1148 1404 1660 XOR
2 1 1149 1405 1661 XOR
2 1 1150 1406 1662 XOR
2 1 1151 1407 1663 XOR
2 1 1152 1408 1664 XOR
2 1 1153 1409 1665 XOR
2 1 1154 1410 1666 XOR
2 1 1155 1411 1667 XOR
2 1 1156 1412 1668 XOR
2 1 1157 1413 1669 XOR
2 1 1158 1414 1670 XOR
2 1 1159 1415 1671 XOR
2 1 1160 1416 1672 XOR
2 1 1161 1417 1673 XOR
2 1 1162 1418 1674 XOR
2 1 1163 1419 1675 XOR
2 1 1164 1420 1676 XOR
2 1 1165 1421 1677 XOR
2 1 1166 1422 1678 XOR
2 1 1167 1423 1679 XOR
2 1 1168 1424 1680 XOR
2 1 1169 1425 1681 XOR
2 1 1170 1426 1682 XOR
2 1 1171 1427 1683 XOR
2 1 1172 1428 1684 XOR
2 1 1173 1429 1685 XOR
2 1 1174 1430 1686 XOR
2 1 1175 1431 1687 XOR
2 1 1176 1432 1688 XOR
2 1 1177 1433 1689 XOR
2 1 1178 1434 1690 XOR
2 1 1179 1435 1691 XOR
2 1 1180 1436 1692 XOR
2 1 1181 1437 1693 XOR
2 1 1182 1438 1694 XOR
2 1 1183 1439 1695 XOR
2 1 1184 1440 1696 XOR
2 1 1185 1441 1697 XOR
2 1 1186 1442 1698 XOR
2 1 1187 1443 1699 XOR
2 1 1188 1444 1700 XOR
2 1 1189 1445 1701 XOR
2 1 1190 1446 1702 XOR
2 1 1191 1447 1703 XOR
2 1 1192 1448 1704 XOR
2 1 1193 1449 1705 XOR
2 1 1194 1450 1706 XOR
2 1 1195 1451 1707 XOR
2 1 1196 1452 1708 XOR
2 1 1197 1453 1709 XOR
2 1 1198 1454 1710 XOR
2 1 1199 1455 1711 XOR
2 1 1200 1456 1712 XOR
2 1 1201 1457 1713 XOR
2 1 1202 1458 1714 XOR
2 1 1203 1459 1715 XOR
2 1 1204 1460 1716 XOR
2 1 1205 1461 1717 XOR
2 1 1206 1462 1718 XOR
2 1 1207 1463 1719 XOR
2 1 1208 1464 1720 XOR
2 1 1209 1465 1721 XOR
2 1 1210 1466 1722 XOR
2 1 1211 1467 1723 XOR
2 1 1212 1468 1724 XOR
2 1 1213 1469 1725 XOR
2 1 1214 1470 1726 XOR
2 1 1215 1471 1727 XOR
2 1 1216 1472 1728 XOR
2 1 1217 1473 1729 XOR
2 1 1218 1474 1730 XOR
2 1 1219 1475 1731 XOR
2 1 1220 1476 1732 XOR
2 1 1221 1477 1733 XOR
2 1 1222 1478 1734 XOR
2 1 1223 1479 1735 XOR
2 1 1224 1480 1736 XOR
2 1 1225 1481 1737 XOR
2 1 1226 1482 1738 XOR
2 1 1227 1483 1739 XOR
2 1 1228 1484 1740 XOR
2 1 1229 1485 1741 XOR
2 1 1230 1486 1742 XOR
2 1 1231 1487 1743 XOR
2 1 1232 1488 1744 XOR
2 1 1233 1489 1745 XOR
2 1 1234 1490 1746 XOR
2 1 1235 1491 1747 XOR
2 1 1236 1492 1748 XOR
2 1 1237 1493 1749 XOR
2 1 1238 1494 1750 XOR
2 1 1239 1495 1751 XOR
2 1 1240 1496 1752 XOR
2 1 1241 1497 1753 XOR
2 1 1242 1498 1754 XOR
2 1 1243 1499 1755 XOR
2 1 1244 1500 1756 XOR
2 1 1245 1501 1757 XOR
2 1 1246 1502 1758 XOR
2 1 1247 1503 1759 XOR
2 1 1248 1504 1760 XOR
2 1 1249 1505 1761 XOR
2 1 1250 1506 1762 XOR
2 1 1251 1507 1763 XOR
2 1 1252 1508 1764 XOR
2 1 1253 1509 1765 XOR
2 1 1254 1510 1766 XOR
2 1 1255 1511 1767 XOR
2 1 1256 1512 1768 XOR
2 1 1257 1513 1769 XOR
2 1 1258 1514 1770 XOR
2 1 1259 1515 1771 XOR
2 1 1260 1516 1772 XOR
2 1 1261 1517 1773 XOR
2 1 1262 1518 1774 XOR
2 1 1263 1519 1775 XOR
2 1 1264 1520 1776 XOR
2 1 1265 1521 1777 XOR
2 1 1266 1522 1778 XOR
2 1 1267 1523 1779 XOR
2 1 1268 1524 1780 XOR
2 1 1269 1525 1781 XOR
2 1 1270 1526 1782 XOR
2 1 1271 1527 1783 XOR
2 1 1272 1528 1784 XOR
2 1 1273 1529 1785 XOR
2 1 1274 1530 1786 XOR
2 1 1275 1531 1787 XOR
2 1 1276 1532 1788 XOR
2 1 1277 1533 1789 XOR
2 1 1278 1534 1790 XOR
2 1 1279 1535 1791 XOR
2 1 1280 1536 1792 XOR
2 1 1281 1537 1793 XOR
2 1 0 1 1794 AND
2 1 0 2 1795 AND
2 1 0 3 1796 AND
2 1 0 4 1797 AND
2 1 0 5 1798 AND
2 1 0 6 1799 AND
2 1 0 7 1800 AND
2 1 0 8 1801 AND
2 1 0 9 1802 AND
2 1 0 10 1803 AND
2 1 0 11 1804 AND
2 1 0 12 1805 AND
2 1 0 13 1806 AND
2 1 0 14 1807 AND
2 1 0 15 1808 AND
2 1 0 16 1809 AND
2 1 0 17 1810 AND
2 1 0 18 1811 AND
2 1 0 19 1812 AND
2 1 0 20 1813 AND
2 1 0 21 1814 AND
2 1 0 22 1815 AND
2 1 0 23 1816 AND
2 1 0 24 1817 AND
2 1 0 25 1818 AND
2 1 0 26 1819 AND
2 1 0 27 1820 AND
2 1 0 28 1821 AND
2 1 0 29 1822 AND
2 1 0 30 1823 AND
2 1 0 31 1824 AND
2 1 0 32 1825 AND
2 1 0 33 1826 AND
2 1 0 34 1827 AND
2 1 0 35 1828 AND
2 1 0 36 1829 AND
2 1 0 37 1830 AND
2 1 0 38 1831 AND
2 1 0 39 1832 AND
2 1 0 40 1833 AND
2 1 0 41 1834 AND
2 1 0 42 1835 AND
2 1 0 43 1836 AND
2 1 0 44 1837 AND
2 1 0 45 1838 AND
2 1 0 46 1839 AND
2 1 0 47 1840 AND
2 1 0 48 1841 AND
2 1 0 49 1842 AND
2 1 0 50 1843 AND
2 1 0 51 1844 AND
2 1 0 52 1845 AND
2 1 0 53 1846 AND
2 1 0 54 1847 AND
2 1 0 55 1848 AND
2 1 0 56 1849 AND
2 1 0 57 1850 AND
2 1 0 58 1851 AND
2 1 0 59 1852 AND
2 1 0 60 1853 AND
2 1 0 61 1854 AND
2 1 0 62 1855 AND
2 1 0 63 1856 AND
2 1 0 64 1857 AND
2 1 0 65 1858 AND
2 1 0 66 1859 AND
2 1 0 67 1860 AND
2 1 0 68 1861 AND
2 1 0 69 1862 AND
2 1 0 70 1863 AND
2 1 0 71 1864 AND
2 1 0 72 1865 AND
2 1 0 73 1866 AND
2 1 0 74 1867 AND
2 1 0 75 1868 AND
2 1 0 76 1869 AND
2 1 0 77 1870 AND
2 1 0 78 1871 AND
2 1 0 79 1872 AND
2 1 0 80 1873 AND
2 1 0 81 1874 AND
2 1 0 82 1875 AND
2 1 0 83 1876 AND
2 1 0 84 1877 AND
2 1 0 85 1878 AND
2 1 0 86 1879 AND
2 1 0 87 1880 AND
2 1 0 88 1881 AND
2 1 0 89 1882 AND
2 1 0 90 1883 AND
2 1 0 91 1884 AND
2 1 0 92 1885 AND
2 1 0 93 1886 AND
2 1 0 94 1887 AND
2 1 0 95 1888 AND
2 1 0 96 1889 AND
2 1 0 97 1890 AND
2 1 0 98 1891 AND
2 1 0 99 1892 AND
2 1 0 100 1893 AND
2 1 0 101 1894 AND
2 1 0 102 1895 AND
2 1 0 103 1896 AND
2 1 0 104 1897 AND
2 1 0 105 1898 AND
2 1 0 106 1899 AND
2 1 0 107 1900 AND
2 1 0 108 1901 AND
2 1 0 109 1902 AND
2 1 0 110 1903 AND
2 1 0 111 1904 AND
2 1 0 112 1905 AND
2 1 0 113 1906 AND
2 1 0 114 1907 AND
2 1 0 115 1908 AND
2 1 0 116 1909 AND
2 1 0 117 1910 AND
2 1 0 118 1911 AND
2 1 0 119 1912 AND
2 1 0 120 1913 AND
2 1 0 121 1914 AND
2 1 0 122 1915 AND
2 1 0 123 1916 AND
2 1 0 124 1917 AND
2 1 0 125 1918 AND
2 1 0 126 1919 AND
2 1 0 127 1920 AND
2 1 0 128 1921 AND
2 1 0 129 1922 AND
2 1 0 130 1923 AND
2 1 0 131 1924 AND
2 1 0 132 1925 AND
2 1 0 133 1926 AND
2 1 0 134 1927 AND
2 1 0 135 1928 AND
2 1 0 136 1929 AND
2 1 0 137 1930 AND
2 1 0 138 1931 AND
2 1 0 139 1932 AND
2 1 0 140 1933 AND
2 1 0 141 1934 AND
2 1 0 142 1935 AND
2 1 0 143 1936 AND
2 1 0 144 1937 AND
2 1 0 145 1938 AND
2 1 0 146 1939 AND
2 1 0 147 1940 AND
2 1 0 148 1941 AND
2 1 0 149 1942 AND
2 1 0 150 1943 AND
2 1 0 151 1944 AND
2 1 0 152 1945 AND
2 1 0 153 1946 AND
2 1 0 154 1947 AND
2 1 0 155 1948 AND
2 1 0 156 1949 AND
2 1 0 157 1950 AND
2 1 0 158 1951 AND
2 1 0 159 1952 AND
2 1 0 160 1953 AND
2 1 0 161 1954 AND
2 1 0 162 1955 AND
2 1 0 163 1956 AND
2 1 0 164 1957 AND
2 1 0 165 1958 AND
2 1 0 166 1959 AND
2 1 0 167 1960 AND
2 1 0 168 1961 AND
2 1 0 169 1962 AND
2 1 0 170 1963 AND
2 1 0 171 1964 AND
2 1 0 172 1965 AND
2 1 0 173 1966 AND
2 1 0 174 1967 AND
2 1 0 175 1968 AND
2 1 0 176 1969 AND
2 1 0 177 1970 AND
2 1 0 178 1971 AND
2 1 0 179 1972 AND
2 1 0 180 1973 AND
2 1 0 181 1974 AND
2 1 0 182 1975 AND
2 1 0 183 1976 AND
2 1 0 184 1977 AND
2 1 0 185 1978 AND
2 1 0 186 1979 AND
2 1 0 187 1980 AND
2 1 0 188 1981 AND
2 1 0 189 1982 AND
2 1 0 190 1983 AND
2 1 0 191 1984 AND
2 1 0 192 1985 AND
2 1 0 193 1986 AND
2 1 0 194 1987 AND
2 1 0 195 1988 AND
2 1 0 196 1989 AND
2 1 0 197 1990 AND
2 1 0 198 1991 AND
2 1 0 199 1992 AND
2 1 0 200 1993 AND
2 1 0 201 1994 AND
2 1 0 202 1995 AND
2 1 0 203 1996 AND
2 1 0 204 1997 AND
2 1 0 205 1998 AND
2 1 0 206 1999 AND
2 1 0 207 2000 AND
2 1 0 208 2001 AND
2 1 0 209 2002 AND
2 1 0 210 2003 AND
2 1 0 211 2004 AND
2 1 0 212 2005 AND
2 1 0 213 2006 AND
2 1 0 214 2007 AND
2 1 0 215 2008 AND
2 1 0 216 2009 AND
2 1 0 217 2010 AND
2 1 0 218 2011 AND
2 1 0 219 2012 AND
2 1 0 220 2013 AND
2 1 0 221 2014 AND
2 1 0 222 2015 AND
2 1 0 223 2016 AND
2 1 0 224 2017 AND
2 1 0 225 2018 AND
2 1 0 226 2019 AND
2 1 0 227 2020 AND
2 1 0 228 2021 AND
2 1 0 229 2022 AND
2 1 0 230 2023 AND
2 1 0 231 2024 AND
2 1 0 232 2025 AND
2 1 0 233 2026 AND
2 1 0 234 2027 AND
2 1 0 235 2028 AND
2 1 0 236 2029 AND
2 1 0 237 2030 AND
2 1 0 238 2031 AND
2 1 0 239 2032 AND
2 1 0 240 2033 AND
2 1 0 241 2034 AND
2 1 0 242 2035 AND
2 1 0 243 2036 AND
2 1 0 244 2037 AND
2 1 0 245 2038 AND
2 1 0 246 2039 AND
2 1 0 247 2040 AND
2 1 0 248 2041 AND
2 1 0 249 2042 AND
2 1 0 250 2043 AND
2 1 0 251 2044 AND
2 1 0 252 2045 AND
2 1 0 253 2046 AND
2 1 0 254 2047 AND
2 1 0 255 2048 AND
2 1 0 256 2049 AND
2 1 1025 257 2050 AND
2 1 1025 258 2051 AND
2 1 1025 259 2052 AND
2 1 1025 260 2053 AND
2 1 1025 261 2054 AND
2 1 1025 262 2055 AND
2 1 1025 263 2056 AND
2 1 1025 264 2057 AND
2 1 1025 265 2058 AND
2 1 1025 266 2059 AND
2 1 1025 267 2060 AND
2 1 1025 268 2061 AND
2 1 1025 269 2062 AND
2 1 1025 270 2063 AND
2 1 1025 271 2064 AND
2 1 1025 272 2065 AND
2 1 1025 273 2066 AND
2 1 1025 274 2067 AND
2 1 1025 275 2068 AND
2 1 1025 276 2069 AND
2 1 1025 277 2070 AND
2 1 1025 278 2071 AND
2 1 1025 279 2072 AND
2 1 1025 280 2073 AND
2 1 1025 281 2074 AND
2 1 1025 282 2075 AND
2 1 1025 283 2076 AND
2 1 1025 284 2077 AND
2 1 1025 285 2078 AND
2 1 1025 286 2079 AND
2 1 1025 287 2080 AND
2 1 1025 288 2081 AND
2 1 1025 289 2082 AND
2 1 1025 290 2083 AND
2 1 1025 291 2084 AND
2 1 1025 292 2085 AND
2 1 1025 293 2086 AND
2 1 1025 294 2087 AND
2 1 1025 295 2088 AND
2 1 1025 296 2089 AND
2 1 1025 297 2090 AND
2 1 1025 298 2091 AND
2 1 1025 299 2092 AND
2 1 1025 300 2093 AND
2 1 1025 301 2094 AND
2 1 1025 302 2095 AND
2 1 1025 303 2096 AND
2 1 1025 304 2097 AND
2 1 1025 305 2098 AND
2 1 1025 306 2099 AND
2 1 1025 307 2100 AND
2 1 1025 308 2101 AND
2 1 1025 309 2102 AND
2 1 1025 310 2103 AND
2 1 1025 311 2104 AND
2 1 1025 312 2105 AND
2 1 1025 313 2106 AND
2 1 1025 314 2107 AND
2 1 1025 315 2108 AND
2 1 1025 316 2109 AND
2 1 1025 317 2110 AND
2 1 1025 318 2111 AND
2 1 1025 319 2112 AND
2 1 1025 320 2113 AND
2 1 1025 321 2114 AND
2 1 1025 322 2115 AND
2 1 1025 323 2116 AND
2 1 1025 324 2117 AND
2 1 1025 325 2118 AND
2 1 1025 326 2119 AND
2 1 1025 327 2120 AND
2 1 1025 328 2121 AND
2 1 1025 329 2122 AND
2 1 1025 330 2123 AND
2 1 1025 331 2124 AND
2 1 1025 332 2125 AND
2 1 1025 333 2126 AND
2 1 1025 334 2127 AND
2 1 1025 335 2128 AND
2 1 1025 336 2129 AND
2 1 1025 337 2130 AND
2 1 1025 338 2131 AND
2 1 1025 339 2132 AND
2 1 1025 340 2133 AND
2 1 1025 341 2134 AND
2 1 1025 342 2135 AND
2 1 1025 343 2136 AND
2 1 1025 344 2137 AND
2 1 1025 345 2138 AND
2 1 1025 346 2139 AND
2 1 1025 347 2140 AND
2 1 1025 348 2141 AND
2 1 1025 349 2142 AND
2 1 1025 350 2143 AND
2 1 1025 351 2144 AND
2 1 1025 352 2145 AND
2 1 1025 353 2146 AND
2 1 1025 354 2147 AND
2 1 1025 355 2148 AND
2 1 1025 356 2149 AND
2 1 1025 357 2150 AND
2 1 1025 358 2151 AND
2 1 1025 359 2152 AND
2 1 1025 360 2153 AND
2 1 1025 361 2154 AND
2 1 1025 362 2155 AND
2 1 1025 363 2156 AND
2 1 1025 364 2157 AND
2 1 1025 365 2158 AND
2 1 1025 366 2159 AND
2 1 1025 367 2160 AND
2 1 1025 368 2161 AND
2 1 1025 369 2162 AND
2 1 1025 370 2163 AND
2 1 1025 371 2164 AND
2 1 1025 372 2165 AND
2 1 1025 373 2166 AND
2 1 1025 374 2167 AND
2 1 1025 375 2168 AND
2 1 1025 376 2169 AND
2 1 1025 377 2170 AND
2 1 1025 378 2171 AND
2 1 1025 379 2172 AND
2 1 1025 380 2173 AND
2 1 1025 381 2174 AND
2 1 1025 382 2175 AND
2 1 1025 383 2176 AND
2 1 1025 384 2177 AND
2 1 1025 385 2178 AND
2 1 1025 386 2179 AND
2 1 1025 387 2180 AND
2 1 1025 388 2181 AND
2 1 1025 389 2182 AND
2 1 1025 390 2183 AND
2 1 1025 391 2184 AND
2 1 1025 392 2185 AND
2 1 1025 393 2186 AND
2 1 1025 394 2187 AND
2 1 1025 395 2188 AND
2 1 1025 396 2189 AND
2 1 1025 397 2190 AND
2 1 1025 398 2191 AND
2 1 1025 399 2192 AND
2 1 1025 400 2193 AND
2 1 1025 401 2194 AND
2 1 1025 402 2195 AND
2 1 1025 403 2196 AND
2 1 1025 404 2197 AND
2 1 1025 405 2198 AND
2 1 1025 406 2199 AND
2 1 1025 407 2200 AND
2 1 1025 408 2201 AND
2 1 1025 409 2202 AND
2 1 1025 410 2203 AND
2 1 1025 411 2204 AND
2 1 1025 412 2205 AND
2 1 1025 413 2206 AND
2 1 1025 414 2207 AND
2 1 1025 415 2208 AND
2 1 1025 416 2209 AND
2 1 1025 417 2210 AND
2 1 1025 418 2211 AND
2 1 1025 419 2212 AND
2 1 1025 420 2213 AND
2 1 1025 421 2214 AND
2 1 1025 422 2215 AND
2 1 1025 423 2216 AND
2 1 1025 424 2217 AND
2 1 1025 425 2218 AND
2 1 1025 426 2219 AND
2 1 1025 427 2220 AND
2 1 1025 428 2221 AND
2 1 1025 429 2222 AND
2 1 1025 430 2223 AND
2 1 1025 431 2224 AND
2 1 1025 432 2225 AND
2 1 1025 433 2226 AND
2 1 1025 434 2227 AND
2 1 1025 435 2228 AND
2 1 1025 436 2229 AND
2 1 1025 437 2230 AND
2 1 1025 438 2231 AND
2 1 1025 439 2232 AND
2 1 1025 440 2233 AND
2 1 1025 441 2234 AND
2 1 1025 442 2235 AND
2 1 1025 443 2236 AND
2 1 1025 444 2237 AND
2 1 1025 445 2238 AND
2 1 1025 446 2239 AND
2 1 1025 447 2240 AND
2 1 1025 448 2241 AND
2 1 1025 449 2242 AND
2 1 1025 450 2243 AND
2 1 1025 451 2244 AND
2 1 1025 452 2245 AND
2 1 1025 453 2246 AND
2 1 1025 454 2247 AND
2 1 1025 455 2248 AND
2 1 1025 456 2249 AND
2 1 1025 457 2250 AND
2 1 1025 458 2251 AND
2 1 1025 459 2252 AND
2 1 1025 460 2253 AND
2 1 1025 461 2254 AND
2 1 1025 462 2255 AND
2 1 1025 463 2256 AND
2 1 1025 464 2257 AND
2 1 1025 465 2258 AND
2 1 1025 466 2259 AND
2 1 1025 467 2260 AND
2 1 1025 468 2261 AND
2 1 1025 469 2262 AND
2 1 1025 470 2263 AND
2 1 1025 471 2264 AND
2 1 1025 472 2265 AND
2 1 1025 473 2266 AND
2 1 1025 474 2267 AND
2 1 1025 475 2268 AND
2 1 1025 476 2269 AND
2 1 1025 477 2270 AND
2 1 1025 478 2271 AND
2 1 1025 479 2272 AND
2 1 1025 480 2273 AND
2 1 1025 481 2274 AND
2 1 1025 482 2275 AND
2 1 1025 483 2276 AND
2 1 1025 484 2277 AND
2 1 1025 485 2278 AND
2 1 1025 486 2279 AND
2 1 1025 487 2280 AND
2 1 1025 488 2281 AND
2 1 1025 489 2282 AND
2 1 1025 490 2283 AND
2 1 1025 491 2284 AND
2 1 1025 492 2285 AND
2 1 1025 493 2286 AND
2 1 1025 494 2287 AND
2 1 1025 495 2288 AND
2 1 1025 496 2289 AND
2 1 1025 497 2290 AND
2 1 1025 498 2291 AND
2 1 1025 499 2292 AND
2 1 1025 500 2293 AND
2 1 1025 501 2294 AND
2 1 1025 502 2295 AND
2 1 1025 503 2296 AND
2 1 1025 504 2297 AND
2 1 1025 505 2298 AND
2 1 1025 506 2299 AND
2 1 1025 507 2300 AND
2 1 1025 508 2301 AND
2 1 1025 509 2302 AND
2 1 1025 510 2303 AND
2 1 1025 511 2304 AND
2 1 1025 512 2305 AND
2 1 1794 2050 2306 XOR
2 1 1795 2051 2307 XOR
2 1 1796 2052 2308 XOR
2 1 1797 2053 2309 XOR
2 1 1798 2054 2310 XOR
2 1 1799 2055 2311 XOR
2 1 1800 2056 2312 XOR
2 1 1801 2057 2313 XOR
2 1 1802 2058 2314 XOR
2 1 1803 2059 2315 XOR
2 1 1804 2060 2316 XOR
2 1 1805 2061 2317 XOR
2 1 1806 2062 2318 XOR
2 1 1807 2063 2319 XOR
2 1 1808 2064 2320 XOR
2 1 1809 2065 2321 XOR
2 1 1810 2066 2322 XOR
2 1 1811 2067 2323 XOR
2 1 1812 2068 2324 XOR
2 1 1813 2069 2325 XOR
2 1 1814 2070 2326 XOR
2 1 1815 2071 2327 XOR
2 1 1816 2072 2328 XOR
2 1 1817 2073 2329 XOR
2 1 1818 2074 2330 XOR
2 1 1819 2075 2331 XOR
2 1 1820 2076 2332 XOR
2 1 1821 2077 2333 XOR
2 1 1822 2078 2334 XOR
2 1 1823 2079 2335 XOR
2 1 1824 2080 2336 XOR
2 1 1825 2081 2337 XOR
2 1 1826 2082 2338 XOR
2 1 1827 2083 2339 XOR
2 1 1828 2084 2340 XOR
2 1 1829 2085 2341 XOR
2 1 1830 2086 2342 XOR
2 1 1831 2087 2343 XOR
2 1 1832 2088 2344 XOR
2 1 1833 2089 2345 XOR
2 1 1834 2090 2346 XOR
2 1 1835 2091 2347 XOR
2 1 1836 2092 2348 XOR
2 1 1837 2093 2349 XOR
2 1 1838 2094 2350 XOR
2 1 1839 2095 2351 XOR
2 1 1840 2096 2352 XOR
2 1 1841 2097 2353 XOR
2 1 1842 2098 2354 XOR
2 1 1843 2099 2355 XOR
2 1 1844 2100 2356 XOR
2 1 1845 2101 2357 XOR
2 1 1846 2102 2358 XOR
2 1 1847 2103 2359 XOR
2 1 1848 2104 2360 XOR
2 1 1849 2105 2361 XOR
2 1 1850 2106 2362 XOR
2 1 1851 2107 2363 XOR
2 1 1852 2108 2364 XOR
2 1 1853 2109 2365 XOR
2 1 1854 2110 2366 XOR
2 1 1855 2111 2367 XOR
2 1 1856 2112 2368 XOR
2 1 1857 2113 2369 XOR
2 1 1858 2114 2370 XOR
2 1 1859 2115 2371 XOR
2 1 1860 2116 2372 XOR
2 1 1861 2117 2373 XOR
2 1 1862 2118 2374 XOR
2 1 1863 2119 2375 XOR
2 1 1864 2120 2376 XOR
2 1 1865 2121 2377 XOR
2 1 1866 2122 2378 XOR
2 1 1867 2123 2379 XOR
2 1 1868 2124 2380 XOR
2 1 1869 2125 2381 XOR
2 1 1870 2126 2382 XOR
2 1 1871 2127 2383 XOR
2 1 1872 2128 2384 XOR
2 1 1873 2129 2385 XOR
2 1 1874 2130 2386 XOR
2 1 1875 2131 2387 XOR
2 1 1876 2132 2388 XOR
2 1 1877 2133 2389 XOR
2 1 1878 2134 2390 XOR
2 1 1879 2135 2391 XOR
2 1 1880 2136 2392 XOR
2 1 1881 2137 2393 XOR
2 1 1882 2138 2394 XOR
2 1 1883 2139 2395 XOR
2 1 1884 2140 2396 XOR
2 1 1885 2141 2397 XOR
2 1 1886 2142 2398 XOR
2 1 1887 2143 2399 XOR
2 1 1888 2144 2400 XOR
2 1 1889 2145 2401 XOR
2 1 1890 2146 2402 XOR
2 1 1891 2147 2403 XOR
2 1 1892 2148 2404 XOR
2 1 1893 2149 2405 XOR
2 1 1894 2150 2406 XOR
2 1 1895 2151 2407 XOR
2 1 1896 2152 2408 XOR
2 1 1897 2153 2409 XOR
2 1 1898 2154 2410 XOR
2 1 1899 2155 2411 XOR
2 1 1900 2156 2412 XOR
2 1 1901 2157 2413 XOR
2 1 1902 2158 2414 XOR
2 1 1903 2159 2415 XOR
2 1 1904 2160 2416 XOR
2 1 1905 2161 2417 XOR
2 1 1906 2162 2418 XOR
2 1 1907 2163 2419 XOR
2 1 1908 2164 2420 XOR
2 1 1909 2165 2421 XOR
2 1 1910 2166 2422 XOR
2 1 1911 2167 2423 XOR
2 1 1912 2168 2424 XOR
2 1 1913 2169 2425 XOR
2 1 1914 2170 2426 XOR
2 1 1915 2171 2427 XOR
2 1 1916 2172 2428 XOR
2 1 1917 2173 2429 XOR
2 1 1918 2174 2430 XOR
2 1 1919 2175 2431 XOR
2 1 1920 2176 2432 XOR
2 1 1921 2177 2433 XOR
2 1 1922 2178 2434 XOR
2 1 1923 2179 2435 XOR
2 1 1924 2180 2436 XOR
2 1 1925 2181 2437 XOR
2 1 1926 2182 2438 XOR
2 1 1927 2183 2439 XOR
2 1 1928 2184 2440 XOR
2 1 1929 2185 2441 XOR
2 1 1930 2186 2442 XOR
2 1 1931 2187 2443 XOR
2 1 1932 2188 2444 XOR
2 1 1933 2189 2445 XOR
2 1 1934 2190 2446 XOR
2 1 1935 2191 2447 XOR
2 1 1936 2192 2448 XOR
2 1 1937 2193 2449 XOR
2 1 1938 2194 2450 XOR
2 1 1939 2195 2451 XOR
2 1 1940 2196 2452 XOR
2 1 1941 2197 2453 XOR
2 1 1942 2198 2454 XOR
2 1 1943 2199 2455 XOR
2 1 1944 2200 2456 XOR
2 1 1945 2201 2457 XOR
2 1 1946 2202 2458 XOR
2 1 1947 2203 2459 XOR
2 1 1948 2204 2460 XOR
2 1 1949 2205 2461 XOR
2 1 1950 2206 2462 XOR
2 1 1951 2207 2463 XOR
2 1 1952 2208 2464 XOR
2 1 1953 2209 2465 XOR
2 1 1954 2210 2466 XOR
2 1 1955 2211 2467 XOR
2 1 1956 2212 2468 XOR
2 1 1957 2213 2469 XOR
2 1 1958 2214 2470 XOR
2 1 1959 2215 2471 XOR
2 1 1960 2216 2472 XOR
2 1 1961 2217 2473 XOR
2 1 1962 2218 2474 XOR
2 1 1963 2219 2475 XOR
2 1 1964 2220 2476 XOR
2 1 1965 2221 2477 XOR
2 1 1966 2222 2478 XOR
2 1 1967 2223 2479 XOR
2 1 1968 2224 2480 XOR
2 1 1969 2225 2481 XOR
2 1 1970 2226 2482 XOR
2 1 1971 2227 2483 XOR
2 1 1972 2228 2484 XOR
2 1 1973 2229 2485 XOR
2 1 1974 2230 2486 XOR
2 1 1975 2231 2487 XOR
2 1 1976 2232 2488 XOR
2 1 1977 2233 2489 XOR
2 1 1978 2234 2490 XOR
2 1 1979 2235 2491 XOR
2 1 1980 2236 2492 XOR
2 1 1981 2237 2493 XOR
2 1 1982 2238 2494 XOR
2 1 1983 2239 2495 XOR
2 1 1984 2240 2496 XOR
2 1 1985 2241 2497 XOR
2 1 1986 2242 2498 XOR
2 1 1987 2243 2499 XOR
2 1 1988 2244 2500 XOR
2 1 1989 2245 2501 XOR
2 1 1990 2246 2502 XOR
2 1 1991 2247 2503 XOR
2 1 1992 2248 2504 XOR
2 1 1993 2249 2505 XOR
2 1 1994 2250 2506 XOR
2 1 1995 2251 2507 XOR
2 1 1996 2252 2508 XOR
2 1 1997 2253 2509 XOR
2 1 1998 2254 2510 XOR
2 1 1999 2255 2511 XOR
2 1 2000 2256 2512 XOR
2 1 2001 2257 2513 XOR
2 1 2002 2258 2514 XOR
2 1 2003 2259 2515 XOR
2 1 2004 2260 2516 XOR
2 1 2005 2261 2517 XOR
2 1 2006 2262 2518 XOR
2 1 2007 2263 2519 XOR
2 1 2008 2264 2520 XOR
2 1 2009 2265 2521 XOR
2 1 2010 2266 2522 XOR
2 1 2011 2267 2523 XOR
2 1 2012 2268 2524 XOR
2 1 2013 2269 2525 XOR
2 1 2014 2270 2526 XOR
2 1 2015 2271 2527 XOR
2 1 2016 2272 2528 XOR
2 1 2017 2273 2529 XOR
2 1 2018 2274 2530 XOR
2 1 2019 2275 2531 XOR
2 1 2020 2276 2532 XOR
2 1 2021 2277 2533 XOR
2 1 2022 2278 2534 XOR
2 1 2023 2279 2535 XOR
2 1 2024 2280 2536 XOR
2 1 2025 2281 2537 XOR
2 1 2026 2282 2538 XOR
2 1 2027 2283 2539 XOR
2 1 2028 2284 2540 XOR
2 1 2029 2285 2541 XOR
2 1 2030 2286 2542 XOR
2 1 2031 2287 2543 XOR
2 1 2032 2288 2544 XOR
2 1 2033 2289 2545 XOR
2 1 2034 2290 2546 XOR
2 1 2035 2291 2547 XOR
2 1 2036 2292 2548 XOR
2 1 2037 2293 2549 XOR
2 1 2038 2294 2550 XOR
2 1 2039 2295 2551 XOR
2 1 2040 2296 2552 XOR
2 1 2041 2297 2553 XOR
2 1 2042 2298 2554 XOR
2 1 2043 2299 2555 XOR
2 1 2044 2300 2556 XOR
2 1 2045 2301 2557 XOR
2 1 2046 2302 2558 XOR
2 1 2047 2303 2559 XOR
2 1 2048 2304 2560 XOR
2 1 2049 2305 2561 XOR
2 1 513 1538 2562 XOR
2 1 514 1539 2563 XOR
2 1 515 1540 2564 XOR
2 1 516 1541 2565 XOR
2 1 517 1542 2566 XOR
2 1 518 1543 2567 XOR
2 1 519 1544 2568 XOR
2 1 520 1545 2569 XOR
2 1 521 1546 2570 XOR
2 1 522 1547 2571 XOR
2 1 523 1548 2572 XOR
2 1 524 1549 2573 XOR
2 1 525 1550 2574 XOR
2 1 526 1551 2575 XOR
2 1 527 1552 2576 XOR
2 1 528 1553 2577 XOR
2 1 529 1554 2578 XOR
2 1 530 1555 2579 XOR
2 1 531 1556 2580 XOR
2 1 532 1557 2581 XOR
2 1 533 1558 2582 XOR
2 1 534 1559 2583 XOR
2 1 535 1560 2584 XOR
2 1 536 1561 2585 XOR
2 1 537 1562 2586 XOR
2 1 538 1563 2587 XOR
2 1 539 1564 2588 XOR
2 1 540 1565 2589 XOR
2 1 541 1566 2590 XOR
2 1 542 1567 2591 XOR
2 1 543 1568 2592 XOR
2 1 544 1569 2593 XOR
2 1 545 1570 2594 XOR
2 1 546 1571 2595 XOR
2 1 547 1572 2596 XOR
2 1 548 1573 2597 XOR
2 1 549 1574 2598 XOR
2 1 550 1575 2599 XOR
2 1 551 1576 2600 XOR
2 1 552 1577 2601 XOR
2 1 553 1578 2602 XOR
2 1 554 1579 2603 XOR
2 1 555 1580 2604 XOR
2 1 556 1581 2605 XOR
2 1 557 1582 2606 XOR
2 1 558 1583 2607 XOR
2 1 559 1584 2608 XOR
2 1 560 1585 2609 XOR
2 1 561 1586 2610 XOR
2 1 562 1587 2611 XOR
2 1 563 1588 2612 XOR
2 1 564 1589 2613 XOR
2 1 565 1590 2614 XOR
2 1 566 1591 2615 XOR
2 1 567 1592 2616 XOR
2 1 568 1593 2617 XOR
2 1 569 1594 2618 XOR
2 1 570 1595 2619 XOR
2 1 571 1596 2620 XOR
2 1 572 1597 2621 XOR
2 1 573 1598 2622 XOR
2 1 574 1599 2623 XOR
2 1 575 1600 2624 XOR
2 1 576 1601 2625 XOR
2 1 577 1602 2626 XOR
2 1 578 1603 2627 XOR
2 1 579 1604 2628 XOR
2 1 580 1605 2629 XOR
2 1 581 1606 2630 XOR
2 1 582 1607 2631 XOR
2 1 583 1608 2632 XOR
2 1 584 1609 2633 XOR
2 1 585 1610 2634 XOR
2 1 586 1611 2635 XOR
2 1 587 1612 2636 XOR
2 1 588 1613 2637 XOR
2 1 589 1614 2638 XOR
2 1 590 1615 2639 XOR
2 1 591 1616 2640 XOR
2 1 592 1617 2641 XOR
2 1 593 1618 2642 XOR
2 1 594 1619 2643 XOR
2 1 595 1620 2644 XOR
2 1 596 1621 2645 XOR
2 1 597 1622 2646 XOR
2 1 598 1623 2647 XOR
2 1 599 1624 2648 XOR
2 1 600 1625 2649 XOR
2 1 601 1626 2650 XOR
2 1 602 1627 2651 XOR
2 1 603 1628 2652 XOR
2 1 604 1629 2653 XOR
2 1 605 1630 2654 XOR
2 1 606 1631 2655 XOR
2 1 607 1632 2656 XOR
2 1 608 1633 2657 XOR
2 1 609 1634 2658 XOR
2 1 610 1635 2659 XOR
2 1 611 1636 2660 XOR
2 1 612 1637 2661 XOR
2 1 613 1638 2662 XOR
2 1 614 1639 2663 XOR
2 1 615 1640 2664 XOR
2 1 616 1641 2665 XOR
2 1 617 1642 2666 XOR
2 1 618 1643 2667 XOR
2 1 619 1644 2668 XOR
2 1 620 1645 2669 XOR
2 1 621 1646 2670 XOR
2 1 622 1647 2671 XOR
2 1 623 1648 2672 XOR
2 1 624 1649 2673 XOR
2 1 625 1650 2674 XOR
2 1 626 1651 2675 XOR
2 1 627 1652 2676 XOR
2 1 628 1653 2677 XOR
2 1 629 1654 2678 XOR
2 1 630 1655 2679 XOR
2 1 631 1656 2680 XOR
2 1 632 1657 2681 XOR
2 1 633 1658 2682 XOR
2 1 634 1659 2683 XOR
2 1 635 1660 2684 XOR
2 1 636 1661 2685 XOR
2 1 637 1662 2686 XOR
2 1 638 1663 2687 XOR
2 1 639 1664 2688 XOR
2 1 640 1665 2689 XOR
2 1 641 1666 2690 XOR
2 1 642 1667 2691 XOR
2 1 643 1668 2692 XOR
2 1 644 1669 2693 XOR
2 1 645 1670 2694 XOR
2 1 646 1671 2695 XOR
2 1 647 1672 2696 XOR
2 1 648 1673 2697 XOR
2 1 649 1674 2698 XOR
2 1 650 1675 2699 XOR
2 1 651 1676 2700 XOR
2 1 652 1677 2701 XOR
2 1 653 1678 2702 XOR
2 1 654 1679 2703 XOR
2 1 655 1680 2704 XOR
2 1 656 1681 2705 XOR
2 1 657 1682 2706 XOR
2 1 658 1683 2707 XOR
2 1 659 1684 2708 XOR
2 1 660 1685 2709 XOR
2 1 661 1686 2710 XOR
2 1 662 1687 2711 XOR
2 1 663 1688 2712 XOR
2 1 664 1689 2713 XOR
2 1 665 1690 2714 XOR
2 1 666 1691 2715 XOR
2 1 667 1692 2716 XOR
2 1 668 1693 2717 XOR
2 1 669 1694 2718 XOR
2 1 670 1695 2719 XOR
2 1 671 1696 2720 XOR
2 1 672 1697 2721 XOR
2 1 673 1698 2722 XOR
2 1 674 1699 2723 XOR
2 1 675 1700 2724 XOR
2 1 676 1701 2725 XOR
2 1 677 1702 2726 XOR
2 1 678 1703 2727 XOR
2 1 679 1704 2728 XOR
2 1 680 1705 2729 XOR
2 1 681 1706 2730 XOR
2 1 682 1707 2731 XOR
2 1 683 1708 2732 XOR
2 1 684 1709 2733 XOR
2 1 685 1710 2734 XOR
2 1 686 1711 2735 XOR
2 1 687 1712 2736 XOR
2 1 688 1713 2737 XOR
2 1 689 1714 2738 XOR
2 1 690 1715 2739 XOR
2 1 691 1716 2740 XOR
2 1 692 1717 2741 XOR
2 1 693 1718 2742 XOR
2 1 694 1719 2743 XOR
2 1 695 1720 2744 XOR
2 1 696 1721 2745 XOR
2 1 697 1722 2746 XOR
2 1 698 1723 2747 XOR
2 1 699 1724 2748 XOR
2 1 700 1725 2749 XOR
2 1 701 1726 2750 XOR
2 1 702 1727 2751 XOR
2 1 703 1728 2752 XOR
2 1 704 1729 2753 XOR
2 1 705 1730 2754 XOR
2 1 706 1731 2755 XOR
2 1 707 1732 2756 XOR
2 1 708 1733 2757 XOR
2 1 709 1734 2758 XOR
2 1 710 1735 2759 XOR
2 1 711 1736 2760 XOR
2 1 712 1737 2761 XOR
2 1 713 1738 2762 XOR
2 1 714 1739 2763 XOR
2 1 715 1740 2764 XOR
2 1 716 1741 2765 XOR
2 1 717 1742 2766 XOR
2 1 718 1743 2767 XOR
2 1 719 1744 2768 XOR
2 1 720 1745 2769 XOR
2 1 721 1746 2770 XOR
2 1 722 1747 2771 XOR
2 1 723 1748 2772 XOR
2 1 724 1749 2773 XOR
2 1 725 1750 2774 XOR
2 1 726 1751 2775 XOR
2 1 727 1752 2776 XOR
2 1 728 1753 2777 XOR
2 1 729 1754 2778 XOR
2 1 730 1755 2779 XOR
2 1 731 1756 2780 XOR
2 1 732 1757 2781 XOR
2 1 733 1758 2782 XOR
2 1 734 1759 2783 XOR
2 1 735 1760 2784 XOR
2 1 736 1761 2785 XOR
2 1 737 1762 2786 XOR
2 1 738 1763 2787 XOR
2 1 739 1764 2788 XOR
2 1 740 1765 2789 XOR
2 1 741 1766 2790 XOR
2 1 742 1767 2791 XOR
2 1 743 1768 2792 XOR
2 1 744 1769 2793 XOR
2 1 745 1770 2794 XOR
2 1 746 1771 2795 XOR
2 1 747 1772 2796 XOR
2 1 748 1773 2797 XOR
2 1 749 1774 2798 XOR
2 1 750 1775 2799 XOR
2 1 751 1776 2800 XOR
2 1 752 1777 2801 XOR
2 1 753 1778 2802 XOR
2 1 754 1779 2803 XOR
2 1 755 1780 2804 XOR
2 1 756 1781 2805 XOR
2 1 757 1782 2806 XOR
2 1 758 1783 2807 XOR
2 1 759 1784 2808 XOR
2 1 760 1785 2809 XOR
2 1 761 1786 2810 XOR
2 1 762 1787 2811 XOR
2 1 763 1788 2812 XOR
2 1 764 1789 2813 XOR
2 1 765 1790 2814 XOR
2 1 766 1791 2815 XOR
2 1 767 1792 2816 XOR
2 1 768 1793 2817 XOR
2 1 769 2306 2818 XOR
2 1 770 2307 2819 XOR
2 1 771 2308 2820 XOR
2 1 772 2309 2821 XOR
2 1 773 2310 2822 XOR
2 1 774 2311 2823 XOR
2 1 775 2312 2824 XOR
2 1 776 2313 2825 XOR
2 1 777 2314 2826 XOR
2 1 778 2315 2827 XOR
2 1 779 2316 2828 XOR
2 1 780 2317 2829 XOR
2 1 781 2318 2830 XOR
2 1 782 2319 2831 XOR
2 1 783 2320 2832 XOR
2 1 784 2321 2833 XOR
2 1 785 2322 2834 XOR
2 1 786 2323 2835 XOR
2 1 787 2324 2836 XOR
2 1 788 2325 2837 XOR
2 1 789 2326 2838 XOR
2 1 790 2327 2839 XOR
2 1 791 2328 2840 XOR
2 1 792 2329 2841 XOR
2 1 793 2330 2842 XOR
2 1 794 2331 2843 XOR
2 1 795 2332 2844 XOR
2 1 796 2333 2845 XOR
2 1 797 2334 2846 XOR
2 1 798 2335 2847 XOR
2 1 799 2336 2848 XOR
2 1 800 2337 2849 XOR
2 1 801 2338 2850 XOR
2 1 802 2339 2851 XOR
2 1 803 2340 2852 XOR
2 1 804 2341 2853 XOR
2 1 805 2342 2854 XOR
2 1 806 2343 2855 XOR
2 1 807 2344 2856 XOR
2 1 808 2345 2857 XOR
2 1 809 2346 2858 XOR
2 1 810 2347 2859 XOR
2 1 811 2348 2860 XOR
2 1 812 2349 2861 XOR
2 1 813 2350 2862 XOR
2 1 814 2351 2863 XOR
2 1 815 2352 2864 XOR
2 1 816 2353 2865 XOR
2 1 817 2354 2866 XOR
2 1 818 2355 2867 XOR
2 1 819 2356 2868 XOR
2 1 820 2357 2869 XOR
2 1 821 2358 2870 XOR
2 1 822 2359 2871 XOR
2 1 823 2360 2872 XOR
2 1 824 2361 2873 XOR
2 1 825 2362 2874 XOR
2 1 826 2363 2875 XOR
2 1 827 2364 2876 XOR
2 1 828 2365 2877 XOR
2 1 829 2366 2878 XOR
2 1 830 2367 2879 XOR
2 1 831 2368 2880 XOR
2 1 832 2369 2881 XOR
2 1 833 2370 2882 XOR
2 1 834 2371 2883 XOR
2 1 835 2372 2884 XOR
2 1 836 2373 2885 XOR
2 1 837 2374 2886 XOR
2 1 838 2375 2887 XOR
2 1 839 2376 2888 XOR
2 1 840 2377 2889 XOR
2 1 841 2378 2890 XOR
2 1 842 2379 2891 XOR
2 1 843 2380 2892 XOR
2 1 844 2381 2893 XOR
2 1 845 2382 2894 XOR
2 1 846 2383 2895 XOR
2 1 847 2384 2896 XOR
2 1 848 2385 2897 XOR
2 1 849 2386 2898 XOR
2 1 850 2387 2899 XOR
2 1 851 2388 2900 XOR
2 1 852 2389 2901 XOR
2 1 853 2390 2902 XOR
2 1 854 2391 2903 XOR
2 1 855 2392 2904 XOR
2 1 856 2393 2905 XOR
2 1 857 2394 2906 XOR
2 1 858 2395 2907 XOR
2 1 859 2396 2908 XOR
2 1 860 2397 2909 XOR
2 1 861 2398 2910 XOR
2 1 862 2399 2911 XOR
2 1 863 2400 2912 XOR
2 1 864 2401 2913 XOR
2 1 865 2402 2914 XOR
2 1 866 2403 2915 XOR
2 1 867 2404 2916 XOR
2 1 868 2405 2917 XOR
2 1 869 2406 2918 XOR
2 1 870 2407 2919 XOR
2 1 871 2408 2920 XOR
2 1 872 2409 2921 XOR
2 1 873 2410 2922 XOR
2 1 874 2411 2923 XOR
2 1 875 2412 2924 XOR
2 1 876 2413 2925 XOR
2 1 877 2414 2926 XOR
2 1 878 2415 2927 XOR
2 1 879 2416 2928 XOR
2 1 880 2417 2929 XOR
2 1 881 2418 2930 XOR
2 1 882 2419 2931 XOR
2 1 883 2420 2932 XOR
2 1 884 2421 2933 XOR
2 1 885 2422 2934 XOR
2 1 886 2423 2935 XOR
2 1 887 2424 2936 XOR
2 1 888 2425 2937 XOR
2 1 889 2426 2938 XOR
2 1 890 2427 2939 XOR
2 1 891 2428 2940 XOR
2 1 892 2429 2941 XOR
2 1 893 2430 2942 XOR
2 1 894 2431 2943 XOR
2 1 895 2432 2944 XOR
2 1 896 2433 2945 XOR
2 1 897 2434 2946 XOR
2 1 898 2435 2947 XOR
2 1 899 2436 2948 XOR
2 1 900 2437 2949 XOR
2 1 901 2438 2950 XOR
2 1 902 2439 2951 XOR
2 1 903 2440 2952 XOR
2 1 904 2441 2953 XOR
2 1 905 2442 2954 XOR
2 1 906 2443 2955 XOR
2 1 907 2444 2956 XOR
2 1 908 2445 2957 XOR
2 1 909 2446 2958 XOR
2 1 910 2447 2959 XOR
2 1 911 2448 2960 XOR
2 1 912 2449 2961 XOR
2 1 913 2450 2962 XOR
2 1 914 2451 2963 XOR
2 1 915 2452 2964 XOR
2 1 916 2453 2965 XOR
2 1 917 2454 2966 XOR
2 1 918 2455 2967 XOR
2 1 919 2456 2968 XOR
2 1 920 2457 2969 XOR
2 1 921 2458 2970 XOR
2 1 922 2459 2971 XOR
2 1 923 2460 2972 XOR
2 1 924 2461 2973 XOR
2 1 925 2462 2974 XOR
2 1 926 2463 2975 XOR
2 1 927 2464 2976 XOR
2 1 928 2465 2977 XOR
2 1 929 2466 2978 XOR
2 1 930 2467 2979 XOR
2 1 931 2468 2980 XOR
2 1 932 2469 2981 XOR
2 1 933 2470 2982 XOR
2 1 934 2471 2983 XOR
2 1 935 2472 2984 XOR
2 1 936 2473 2985 XOR
2 1 937 2474 2986 XOR
2 1 938 2475 2987 XOR
2 1 939 2476 2988 XOR
2 1 940 2477 2989 XOR
2 1 941 2478 2990 XOR
2 1 942 2479 2991 XOR
2 1 943 2480 2992 XOR
2 1 944 2481 2993 XOR
2 1 945 2482 2994 XOR
2 1 946 2483 2995 XOR
2 1 947 2484 2996 XOR
2 1 948 2485 2997 XOR
2 1 949 2486 2998 XOR
2 1 950 2487 2999 XOR
2 1 951 2488 3000 XOR
2 1 952 2489 3001 XOR
2 1 953 2490 3002 XOR
2 1 954 2491 3003 XOR
2 1 955 2492 3004 XOR
2 1 956 2493 3005 XOR
2 1 957 2494 3006 XOR
2 1 958 2495 3007 XOR
2 1 959 2496 3008 XOR
2 1 960 2497 3009 XOR
2 1 961 2498 3010 XOR
2 1 962 2499 3011 XOR
2 1 963 2500 3012 XOR
2 1 964 2501 3013 XOR
2 1 965 2502 3014 XOR
2 1 966 2503 3015 XOR
2 1 967 2504 3016 XOR
2 1 968 2505 3017 XOR
2 1 969 2506 3018 XOR
2 1 970 2507 3019 XOR
2 1 971 2508 3020 XOR
2 1 972 2509 3021 XOR
2 1 973 2510 3022 XOR
2 1 974 2511 3023 XOR
2 1 975 2512 3024 XOR
2 1 976 2513 3025 XOR
2 1 977 2514 3026 XOR
2 1 978 2515 3027 XOR
2 1 979 2516 3028 XOR
2 1 980 2517 3029 XOR
2 1 981 2518 3030 XOR
2 1 982 2519 3031 XOR
2 1 983 2520 3032 XOR
2 1 984 2521 3033 XOR
2 1 985 2522 3034 XOR
2 1 986 2523 3035 XOR
2 1 987 2524 3036 XOR
2 1 988 2525 3037 XOR
2 1 989 2526 3038 XOR
2 1 990 2527 3039 XOR
2 1 991 2528 3040 XOR
2 1 992 2529 3041 XOR
2 1 993 2530 3042 XOR
2 1 994 2531 3043 XOR
2 1 995 2532 3044 XOR
2 1 996 2533 3045 XOR
2 1 997 2534 3046 XOR
2 1 998 2535 3047 XOR
2 1 999 2536 3048 XOR
2 1 1000 2537 3049 XOR
2 1 1001 2538 3050 XOR
2 1 1002 2539 3051 XOR
2 1 1003 2540 3052 XOR
2 1 1004 2541 3053 XOR
2 1 1005 2542 3054 XOR
2 1 1006 2543 3055 XOR
2 1 1007 2544 3056 XOR
2 1 1008 2545 3057 XOR
2 1 1009 2546 3058 XOR
2 1 1010 2547 3059 XOR
2 1 1011 2548 3060 XOR
2 1 1012 2549 3061 XOR
2 1 1013 2550 3062 XOR
2 1 1014 2551 3063 XOR
2 1 1015 2552 3064 XOR
2 1 1016 2553 3065 XOR
2 1 1017 2554 3066 XOR
2 1 1018 2555 3067 XOR
2 1 1019 2556 3068 XOR
2 1 1020 2557 3069 XOR
2 1 1021 2558 3070 XOR
2 1 1022 2559 3071 XOR
2 1 1023 2560 3072 XOR
2 1 1024 2561 3073 XOR
