2561 4098
7 1 256 256 256 256 256 256
2 256 256

1 1 0 1537 INV
2 1 1 513 1538 XOR
2 1 2 514 1539 XOR
2 1 3 515 1540 XOR
2 1 4 516 1541 XOR
2 1 5 517 1542 XOR
2 1 6 518 1543 XOR
2 1 7 519 1544 XOR
2 1 8 520 1545 XOR
2 1 9 521 1546 XOR
2 1 10 522 1547 XOR
2 1 11 523 1548 XOR
2 1 12 524 1549 XOR
2 1 13 525 1550 XOR
2 1 14 526 1551 XOR
2 1 15 527 1552 XOR
2 1 16 528 1553 XOR
2 1 17 529 1554 XOR
2 1 18 530 1555 XOR
2 1 19 531 1556 XOR
2 1 20 532 1557 XOR
2 1 21 533 1558 XOR
2 1 22 534 1559 XOR
2 1 23 535 1560 XOR
2 1 24 536 1561 XOR
2 1 25 537 1562 XOR
2 1 26 538 1563 XOR
2 1 27 539 1564 XOR
2 1 28 540 1565 XOR
2 1 29 541 1566 XOR
2 1 30 542 1567 XOR
2 1 31 543 1568 XOR
2 1 32 544 1569 XOR
2 1 33 545 1570 XOR
2 1 34 546 1571 XOR
2 1 35 547 1572 XOR
2 1 36 548 1573 XOR
2 1 37 549 1574 XOR
2 1 38 550 1575 XOR
2 1 39 551 1576 XOR
2 1 40 552 1577 XOR
2 1 41 553 1578 XOR
2 1 42 554 1579 XOR
2 1 43 555 1580 XOR
2 1 44 556 1581 XOR
2 1 45 557 1582 XOR
2 1 46 558 1583 XOR
2 1 47 559 1584 XOR
2 1 48 560 1585 XOR
2 1 49 561 1586 XOR
2 1 50 562 1587 XOR
2 1 51 563 1588 XOR
2 1 52 564 1589 XOR
2 1 53 565 1590 XOR
2 1 54 566 1591 XOR
2 1 55 567 1592 XOR
2 1 56 568 1593 XOR
2 1 57 569 1594 XOR
2 1 58 570 1595 XOR
2 1 59 571 1596 XOR
2 1 60 572 1597 XOR
2 1 61 573 1598 XOR
2 1 62 574 1599 XOR
2 1 63 575 1600 XOR
2 1 64 576 1601 XOR
2 1 65 577 1602 XOR
2 1 66 578 1603 XOR
2 1 67 579 1604 XOR
2 1 68 580 1605 XOR
2 1 69 581 1606 XOR
2 1 70 582 1607 XOR
2 1 71 583 1608 XOR
2 1 72 584 1609 XOR
2 1 73 585 1610 XOR
2 1 74 586 1611 XOR
2 1 75 587 1612 XOR
2 1 76 588 1613 XOR
2 1 77 589 1614 XOR
2 1 78 590 1615 XOR
2 1 79 591 1616 XOR
2 1 80 592 1617 XOR
2 1 81 593 1618 XOR
2 1 82 594 1619 XOR
2 1 83 595 1620 XOR
2 1 84 596 1621 XOR
2 1 85 597 1622 XOR
2 1 86 598 1623 XOR
2 1 87 599 1624 XOR
2 1 88 600 1625 XOR
2 1 89 601 1626 XOR
2 1 90 602 1627 XOR
2 1 91 603 1628 XOR
2 1 92 604 1629 XOR
2 1 93 605 1630 XOR
2 1 94 606 1631 XOR
2 1 95 607 1632 XOR
2 1 96 608 1633 XOR
2 1 97 609 1634 XOR
2 1 98 610 1635 XOR
2 1 99 611 1636 XOR
2 1 100 612 1637 XOR
2 1 101 613 1638 XOR
2 1 102 614 1639 XOR
2 1 103 615 1640 XOR
2 1 104 616 1641 XOR
2 1 105 617 1642 XOR
2 1 106 618 1643 XOR
2 1 107 619 1644 XOR
2 1 108 620 1645 XOR
2 1 109 621 1646 XOR
2 1 110 622 1647 XOR
2 1 111 623 1648 XOR
2 1 112 624 1649 XOR
2 1 113 625 1650 XOR
2 1 114 626 1651 XOR
2 1 115 627 1652 XOR
2 1 116 628 1653 XOR
2 1 117 629 1654 XOR
2 1 118 630 1655 XOR
2 1 119 631 1656 XOR
2 1 120 632 1657 XOR
2 1 121 633 1658 XOR
2 1 122 634 1659 XOR
2 1 123 635 1660 XOR
2 1 124 636 1661 XOR
2 1 125 637 1662 XOR
2 1 126 638 1663 XOR
2 1 127 639 1664 XOR
2 1 128 640 1665 XOR
2 1 129 641 1666 XOR
2 1 130 642 1667 XOR
2 1 131 643 1668 XOR
2 1 132 644 1669 XOR
2 1 133 645 1670 XOR
2 1 134 646 1671 XOR
2 1 135 647 1672 XOR
2 1 136 648 1673 XOR
2 1 137 649 1674 XOR
2 1 138 650 1675 XOR
2 1 139 651 1676 XOR
2 1 140 652 1677 XOR
2 1 141 653 1678 XOR
2 1 142 654 1679 XOR
2 1 143 655 1680 XOR
2 1 144 656 1681 XOR
2 1 145 657 1682 XOR
2 1 146 658 1683 XOR
2 1 147 659 1684 XOR
2 1 148 660 1685 XOR
2 1 149 661 1686 XOR
2 1 150 662 1687 XOR
2 1 151 663 1688 XOR
2 1 152 664 1689 XOR
2 1 153 665 1690 XOR
2 1 154 666 1691 XOR
2 1 155 667 1692 XOR
2 1 156 668 1693 XOR
2 1 157 669 1694 XOR
2 1 158 670 1695 XOR
2 1 159 671 1696 XOR
2 1 160 672 1697 XOR
2 1 161 673 1698 XOR
2 1 162 674 1699 XOR
2 1 163 675 1700 XOR
2 1 164 676 1701 XOR
2 1 165 677 1702 XOR
2 1 166 678 1703 XOR
2 1 167 679 1704 XOR
2 1 168 680 1705 XOR
2 1 169 681 1706 XOR
2 1 170 682 1707 XOR
2 1 171 683 1708 XOR
2 1 172 684 1709 XOR
2 1 173 685 1710 XOR
2 1 174 686 1711 XOR
2 1 175 687 1712 XOR
2 1 176 688 1713 XOR
2 1 177 689 1714 XOR
2 1 178 690 1715 XOR
2 1 179 691 1716 XOR
2 1 180 692 1717 XOR
2 1 181 693 1718 XOR
2 1 182 694 1719 XOR
2 1 183 695 1720 XOR
2 1 184 696 1721 XOR
2 1 185 697 1722 XOR
2 1 186 698 1723 XOR
2 1 187 699 1724 XOR
2 1 188 700 1725 XOR
2 1 189 701 1726 XOR
2 1 190 702 1727 XOR
2 1 191 703 1728 XOR
2 1 192 704 1729 XOR
2 1 193 705 1730 XOR
2 1 194 706 1731 XOR
2 1 195 707 1732 XOR
2 1 196 708 1733 XOR
2 1 197 709 1734 XOR
2 1 198 710 1735 XOR
2 1 199 711 1736 XOR
2 1 200 712 1737 XOR
2 1 201 713 1738 XOR
2 1 202 714 1739 XOR
2 1 203 715 1740 XOR
2 1 204 716 1741 XOR
2 1 205 717 1742 XOR
2 1 206 718 1743 XOR
2 1 207 719 1744 XOR
2 1 208 720 1745 XOR
2 1 209 721 1746 XOR
2 1 210 722 1747 XOR
2 1 211 723 1748 XOR
2 1 212 724 1749 XOR
2 1 213 725 1750 XOR
2 1 214 726 1751 XOR
2 1 215 727 1752 XOR
2 1 216 728 1753 XOR
2 1 217 729 1754 XOR
2 1 218 730 1755 XOR
2 1 219 731 1756 XOR
2 1 220 732 1757 XOR
2 1 221 733 1758 XOR
2 1 222 734 1759 XOR
2 1 223 735 1760 XOR
2 1 224 736 1761 XOR
2 1 225 737 1762 XOR
2 1 226 738 1763 XOR
2 1 227 739 1764 XOR
2 1 228 740 1765 XOR
2 1 229 741 1766 XOR
2 1 230 742 1767 XOR
2 1 231 743 1768 XOR
2 1 232 744 1769 XOR
2 1 233 745 1770 XOR
2 1 234 746 1771 XOR
2 1 235 747 1772 XOR
2 1 236 748 1773 XOR
2 1 237 749 1774 XOR
2 1 238 750 1775 XOR
2 1 239 751 1776 XOR
2 1 240 752 1777 XOR
2 1 241 753 1778 XOR
2 1 242 754 1779 XOR
2 1 243 755 1780 XOR
2 1 244 756 1781 XOR
2 1 245 757 1782 XOR
2 1 246 758 1783 XOR
2 1 247 759 1784 XOR
2 1 248 760 1785 XOR
2 1 249 761 1786 XOR
2 1 250 762 1787 XOR
2 1 251 763 1788 XOR
2 1 252 764 1789 XOR
2 1 253 765 1790 XOR
2 1 254 766 1791 XOR
2 1 255 767 1792 XOR
2 1 256 768 1793 XOR
2 1 257 769 1794 XOR
2 1 258 770 1795 XOR
2 1 259 771 1796 XOR
2 1 260 772 1797 XOR
2 1 261 773 1798 XOR
2 1 262 774 1799 XOR
2 1 263 775 1800 XOR
2 1 264 776 1801 XOR
2 1 265 777 1802 XOR
2 1 266 778 1803 XOR
2 1 267 779 1804 XOR
2 1 268 780 1805 XOR
2 1 269 781 1806 XOR
2 1 270 782 1807 XOR
2 1 271 783 1808 XOR
2 1 272 784 1809 XOR
2 1 273 785 1810 XOR
2 1 274 786 1811 XOR
2 1 275 787 1812 XOR
2 1 276 788 1813 XOR
2 1 277 789 1814 XOR
2 1 278 790 1815 XOR
2 1 279 791 1816 XOR
2 1 280 792 1817 XOR
2 1 281 793 1818 XOR
2 1 282 794 1819 XOR
2 1 283 795 1820 XOR
2 1 284 796 1821 XOR
2 1 285 797 1822 XOR
2 1 286 798 1823 XOR
2 1 287 799 1824 XOR
2 1 288 800 1825 XOR
2 1 289 801 1826 XOR
2 1 290 802 1827 XOR
2 1 291 803 1828 XOR
2 1 292 804 1829 XOR
2 1 293 805 1830 XOR
2 1 294 806 1831 XOR
2 1 295 807 1832 XOR
2 1 296 808 1833 XOR
2 1 297 809 1834 XOR
2 1 298 810 1835 XOR
2 1 299 811 1836 XOR
2 1 300 812 1837 XOR
2 1 301 813 1838 XOR
2 1 302 814 1839 XOR
2 1 303 815 1840 XOR
2 1 304 816 1841 XOR
2 1 305 817 1842 XOR
2 1 306 818 1843 XOR
2 1 307 819 1844 XOR
2 1 308 820 1845 XOR
2 1 309 821 1846 XOR
2 1 310 822 1847 XOR
2 1 311 823 1848 XOR
2 1 312 824 1849 XOR
2 1 313 825 1850 XOR
2 1 314 826 1851 XOR
2 1 315 827 1852 XOR
2 1 316 828 1853 XOR
2 1 317 829 1854 XOR
2 1 318 830 1855 XOR
2 1 319 831 1856 XOR
2 1 320 832 1857 XOR
2 1 321 833 1858 XOR
2 1 322 834 1859 XOR
2 1 323 835 1860 XOR
2 1 324 836 1861 XOR
2 1 325 837 1862 XOR
2 1 326 838 1863 XOR
2 1 327 839 1864 XOR
2 1 328 840 1865 XOR
2 1 329 841 1866 XOR
2 1 330 842 1867 XOR
2 1 331 843 1868 XOR
2 1 332 844 1869 XOR
2 1 333 845 1870 XOR
2 1 334 846 1871 XOR
2 1 335 847 1872 XOR
2 1 336 848 1873 XOR
2 1 337 849 1874 XOR
2 1 338 850 1875 XOR
2 1 339 851 1876 XOR
2 1 340 852 1877 XOR
2 1 341 853 1878 XOR
2 1 342 854 1879 XOR
2 1 343 855 1880 XOR
2 1 344 856 1881 XOR
2 1 345 857 1882 XOR
2 1 346 858 1883 XOR
2 1 347 859 1884 XOR
2 1 348 860 1885 XOR
2 1 349 861 1886 XOR
2 1 350 862 1887 XOR
2 1 351 863 1888 XOR
2 1 352 864 1889 XOR
2 1 353 865 1890 XOR
2 1 354 866 1891 XOR
2 1 355 867 1892 XOR
2 1 356 868 1893 XOR
2 1 357 869 1894 XOR
2 1 358 870 1895 XOR
2 1 359 871 1896 XOR
2 1 360 872 1897 XOR
2 1 361 873 1898 XOR
2 1 362 874 1899 XOR
2 1 363 875 1900 XOR
2 1 364 876 1901 XOR
2 1 365 877 1902 XOR
2 1 366 878 1903 XOR
2 1 367 879 1904 XOR
2 1 368 880 1905 XOR
2 1 369 881 1906 XOR
2 1 370 882 1907 XOR
2 1 371 883 1908 XOR
2 1 372 884 1909 XOR
2 1 373 885 1910 XOR
2 1 374 886 1911 XOR
2 1 375 887 1912 XOR
2 1 376 888 1913 XOR
2 1 377 889 1914 XOR
2 1 378 890 1915 XOR
2 1 379 891 1916 XOR
2 1 380 892 1917 XOR
2 1 381 893 1918 XOR
2 1 382 894 1919 XOR
2 1 383 895 1920 XOR
2 1 384 896 1921 XOR
2 1 385 897 1922 XOR
2 1 386 898 1923 XOR
2 1 387 899 1924 XOR
2 1 388 900 1925 XOR
2 1 389 901 1926 XOR
2 1 390 902 1927 XOR
2 1 391 903 1928 XOR
2 1 392 904 1929 XOR
2 1 393 905 1930 XOR
2 1 394 906 1931 XOR
2 1 395 907 1932 XOR
2 1 396 908 1933 XOR
2 1 397 909 1934 XOR
2 1 398 910 1935 XOR
2 1 399 911 1936 XOR
2 1 400 912 1937 XOR
2 1 401 913 1938 XOR
2 1 402 914 1939 XOR
2 1 403 915 1940 XOR
2 1 404 916 1941 XOR
2 1 405 917 1942 XOR
2 1 406 918 1943 XOR
2 1 407 919 1944 XOR
2 1 408 920 1945 XOR
2 1 409 921 1946 XOR
2 1 410 922 1947 XOR
2 1 411 923 1948 XOR
2 1 412 924 1949 XOR
2 1 413 925 1950 XOR
2 1 414 926 1951 XOR
2 1 415 927 1952 XOR
2 1 416 928 1953 XOR
2 1 417 929 1954 XOR
2 1 418 930 1955 XOR
2 1 419 931 1956 XOR
2 1 420 932 1957 XOR
2 1 421 933 1958 XOR
2 1 422 934 1959 XOR
2 1 423 935 1960 XOR
2 1 424 936 1961 XOR
2 1 425 937 1962 XOR
2 1 426 938 1963 XOR
2 1 427 939 1964 XOR
2 1 428 940 1965 XOR
2 1 429 941 1966 XOR
2 1 430 942 1967 XOR
2 1 431 943 1968 XOR
2 1 432 944 1969 XOR
2 1 433 945 1970 XOR
2 1 434 946 1971 XOR
2 1 435 947 1972 XOR
2 1 436 948 1973 XOR
2 1 437 949 1974 XOR
2 1 438 950 1975 XOR
2 1 439 951 1976 XOR
2 1 440 952 1977 XOR
2 1 441 953 1978 XOR
2 1 442 954 1979 XOR
2 1 443 955 1980 XOR
2 1 444 956 1981 XOR
2 1 445 957 1982 XOR
2 1 446 958 1983 XOR
2 1 447 959 1984 XOR
2 1 448 960 1985 XOR
2 1 449 961 1986 XOR
2 1 450 962 1987 XOR
2 1 451 963 1988 XOR
2 1 452 964 1989 XOR
2 1 453 965 1990 XOR
2 1 454 966 1991 XOR
2 1 455 967 1992 XOR
2 1 456 968 1993 XOR
2 1 457 969 1994 XOR
2 1 458 970 1995 XOR
2 1 459 971 1996 XOR
2 1 460 972 1997 XOR
2 1 461 973 1998 XOR
2 1 462 974 1999 XOR
2 1 463 975 2000 XOR
2 1 464 976 2001 XOR
2 1 465 977 2002 XOR
2 1 466 978 2003 XOR
2 1 467 979 2004 XOR
2 1 468 980 2005 XOR
2 1 469 981 2006 XOR
2 1 470 982 2007 XOR
2 1 471 983 2008 XOR
2 1 472 984 2009 XOR
2 1 473 985 2010 XOR
2 1 474 986 2011 XOR
2 1 475 987 2012 XOR
2 1 476 988 2013 XOR
2 1 477 989 2014 XOR
2 1 478 990 2015 XOR
2 1 479 991 2016 XOR
2 1 480 992 2017 XOR
2 1 481 993 2018 XOR
2 1 482 994 2019 XOR
2 1 483 995 2020 XOR
2 1 484 996 2021 XOR
2 1 485 997 2022 XOR
2 1 486 998 2023 XOR
2 1 487 999 2024 XOR
2 1 488 1000 2025 XOR
2 1 489 1001 2026 XOR
2 1 490 1002 2027 XOR
2 1 491 1003 2028 XOR
2 1 492 1004 2029 XOR
2 1 493 1005 2030 XOR
2 1 494 1006 2031 XOR
2 1 495 1007 2032 XOR
2 1 496 1008 2033 XOR
2 1 497 1009 2034 XOR
2 1 498 1010 2035 XOR
2 1 499 1011 2036 XOR
2 1 500 1012 2037 XOR
2 1 501 1013 2038 XOR
2 1 502 1014 2039 XOR
2 1 503 1015 2040 XOR
2 1 504 1016 2041 XOR
2 1 505 1017 2042 XOR
2 1 506 1018 2043 XOR
2 1 507 1019 2044 XOR
2 1 508 1020 2045 XOR
2 1 509 1021 2046 XOR
2 1 510 1022 2047 XOR
2 1 511 1023 2048 XOR
2 1 512 1024 2049 XOR
2 1 0 1794 2050 AND
2 1 0 1795 2051 AND
2 1 0 1796 2052 AND
2 1 0 1797 2053 AND
2 1 0 1798 2054 AND
2 1 0 1799 2055 AND
2 1 0 1800 2056 AND
2 1 0 1801 2057 AND
2 1 0 1802 2058 AND
2 1 0 1803 2059 AND
2 1 0 1804 2060 AND
2 1 0 1805 2061 AND
2 1 0 1806 2062 AND
2 1 0 1807 2063 AND
2 1 0 1808 2064 AND
2 1 0 1809 2065 AND
2 1 0 1810 2066 AND
2 1 0 1811 2067 AND
2 1 0 1812 2068 AND
2 1 0 1813 2069 AND
2 1 0 1814 2070 AND
2 1 0 1815 2071 AND
2 1 0 1816 2072 AND
2 1 0 1817 2073 AND
2 1 0 1818 2074 AND
2 1 0 1819 2075 AND
2 1 0 1820 2076 AND
2 1 0 1821 2077 AND
2 1 0 1822 2078 AND
2 1 0 1823 2079 AND
2 1 0 1824 2080 AND
2 1 0 1825 2081 AND
2 1 0 1826 2082 AND
2 1 0 1827 2083 AND
2 1 0 1828 2084 AND
2 1 0 1829 2085 AND
2 1 0 1830 2086 AND
2 1 0 1831 2087 AND
2 1 0 1832 2088 AND
2 1 0 1833 2089 AND
2 1 0 1834 2090 AND
2 1 0 1835 2091 AND
2 1 0 1836 2092 AND
2 1 0 1837 2093 AND
2 1 0 1838 2094 AND
2 1 0 1839 2095 AND
2 1 0 1840 2096 AND
2 1 0 1841 2097 AND
2 1 0 1842 2098 AND
2 1 0 1843 2099 AND
2 1 0 1844 2100 AND
2 1 0 1845 2101 AND
2 1 0 1846 2102 AND
2 1 0 1847 2103 AND
2 1 0 1848 2104 AND
2 1 0 1849 2105 AND
2 1 0 1850 2106 AND
2 1 0 1851 2107 AND
2 1 0 1852 2108 AND
2 1 0 1853 2109 AND
2 1 0 1854 2110 AND
2 1 0 1855 2111 AND
2 1 0 1856 2112 AND
2 1 0 1857 2113 AND
2 1 0 1858 2114 AND
2 1 0 1859 2115 AND
2 1 0 1860 2116 AND
2 1 0 1861 2117 AND
2 1 0 1862 2118 AND
2 1 0 1863 2119 AND
2 1 0 1864 2120 AND
2 1 0 1865 2121 AND
2 1 0 1866 2122 AND
2 1 0 1867 2123 AND
2 1 0 1868 2124 AND
2 1 0 1869 2125 AND
2 1 0 1870 2126 AND
2 1 0 1871 2127 AND
2 1 0 1872 2128 AND
2 1 0 1873 2129 AND
2 1 0 1874 2130 AND
2 1 0 1875 2131 AND
2 1 0 1876 2132 AND
2 1 0 1877 2133 AND
2 1 0 1878 2134 AND
2 1 0 1879 2135 AND
2 1 0 1880 2136 AND
2 1 0 1881 2137 AND
2 1 0 1882 2138 AND
2 1 0 1883 2139 AND
2 1 0 1884 2140 AND
2 1 0 1885 2141 AND
2 1 0 1886 2142 AND
2 1 0 1887 2143 AND
2 1 0 1888 2144 AND
2 1 0 1889 2145 AND
2 1 0 1890 2146 AND
2 1 0 1891 2147 AND
2 1 0 1892 2148 AND
2 1 0 1893 2149 AND
2 1 0 1894 2150 AND
2 1 0 1895 2151 AND
2 1 0 1896 2152 AND
2 1 0 1897 2153 AND
2 1 0 1898 2154 AND
2 1 0 1899 2155 AND
2 1 0 1900 2156 AND
2 1 0 1901 2157 AND
2 1 0 1902 2158 AND
2 1 0 1903 2159 AND
2 1 0 1904 2160 AND
2 1 0 1905 2161 AND
2 1 0 1906 2162 AND
2 1 0 1907 2163 AND
2 1 0 1908 2164 AND
2 1 0 1909 2165 AND
2 1 0 1910 2166 AND
2 1 0 1911 2167 AND
2 1 0 1912 2168 AND
2 1 0 1913 2169 AND
2 1 0 1914 2170 AND
2 1 0 1915 2171 AND
2 1 0 1916 2172 AND
2 1 0 1917 2173 AND
2 1 0 1918 2174 AND
2 1 0 1919 2175 AND
2 1 0 1920 2176 AND
2 1 0 1921 2177 AND
2 1 0 1922 2178 AND
2 1 0 1923 2179 AND
2 1 0 1924 2180 AND
2 1 0 1925 2181 AND
2 1 0 1926 2182 AND
2 1 0 1927 2183 AND
2 1 0 1928 2184 AND
2 1 0 1929 2185 AND
2 1 0 1930 2186 AND
2 1 0 1931 2187 AND
2 1 0 1932 2188 AND
2 1 0 1933 2189 AND
2 1 0 1934 2190 AND
2 1 0 1935 2191 AND
2 1 0 1936 2192 AND
2 1 0 1937 2193 AND
2 1 0 1938 2194 AND
2 1 0 1939 2195 AND
2 1 0 1940 2196 AND
2 1 0 1941 2197 AND
2 1 0 1942 2198 AND
2 1 0 1943 2199 AND
2 1 0 1944 2200 AND
2 1 0 1945 2201 AND
2 1 0 1946 2202 AND
2 1 0 1947 2203 AND
2 1 0 1948 2204 AND
2 1 0 1949 2205 AND
2 1 0 1950 2206 AND
2 1 0 1951 2207 AND
2 1 0 1952 2208 AND
2 1 0 1953 2209 AND
2 1 0 1954 2210 AND
2 1 0 1955 2211 AND
2 1 0 1956 2212 AND
2 1 0 1957 2213 AND
2 1 0 1958 2214 AND
2 1 0 1959 2215 AND
2 1 0 1960 2216 AND
2 1 0 1961 2217 AND
2 1 0 1962 2218 AND
2 1 0 1963 2219 AND
2 1 0 1964 2220 AND
2 1 0 1965 2221 AND
2 1 0 1966 2222 AND
2 1 0 1967 2223 AND
2 1 0 1968 2224 AND
2 1 0 1969 2225 AND
2 1 0 1970 2226 AND
2 1 0 1971 2227 AND
2 1 0 1972 2228 AND
2 1 0 1973 2229 AND
2 1 0 1974 2230 AND
2 1 0 1975 2231 AND
2 1 0 1976 2232 AND
2 1 0 1977 2233 AND
2 1 0 1978 2234 AND
2 1 0 1979 2235 AND
2 1 0 1980 2236 AND
2 1 0 1981 2237 AND
2 1 0 1982 2238 AND
2 1 0 1983 2239 AND
2 1 0 1984 2240 AND
2 1 0 1985 2241 AND
2 1 0 1986 2242 AND
2 1 0 1987 2243 AND
2 1 0 1988 2244 AND
2 1 0 1989 2245 AND
2 1 0 1990 2246 AND
2 1 0 1991 2247 AND
2 1 0 1992 2248 AND
2 1 0 1993 2249 AND
2 1 0 1994 2250 AND
2 1 0 1995 2251 AND
2 1 0 1996 2252 AND
2 1 0 1997 2253 AND
2 1 0 1998 2254 AND
2 1 0 1999 2255 AND
2 1 0 2000 2256 AND
2 1 0 2001 2257 AND
2 1 0 2002 2258 AND
2 1 0 2003 2259 AND
2 1 0 2004 2260 AND
2 1 0 2005 2261 AND
2 1 0 2006 2262 AND
2 1 0 2007 2263 AND
2 1 0 2008 2264 AND
2 1 0 2009 2265 AND
2 1 0 2010 2266 AND
2 1 0 2011 2267 AND
2 1 0 2012 2268 AND
2 1 0 2013 2269 AND
2 1 0 2014 2270 AND
2 1 0 2015 2271 AND
2 1 0 2016 2272 AND
2 1 0 2017 2273 AND
2 1 0 2018 2274 AND
2 1 0 2019 2275 AND
2 1 0 2020 2276 AND
2 1 0 2021 2277 AND
2 1 0 2022 2278 AND
2 1 0 2023 2279 AND
2 1 0 2024 2280 AND
2 1 0 2025 2281 AND
2 1 0 2026 2282 AND
2 1 0 2027 2283 AND
2 1 0 2028 2284 AND
2 1 0 2029 2285 AND
2 1 0 2030 2286 AND
2 1 0 2031 2287 AND
2 1 0 2032 2288 AND
2 1 0 2033 2289 AND
2 1 0 2034 2290 AND
2 1 0 2035 2291 AND
2 1 0 2036 2292 AND
2 1 0 2037 2293 AND
2 1 0 2038 2294 AND
2 1 0 2039 2295 AND
2 1 0 2040 2296 AND
2 1 0 2041 2297 AND
2 1 0 2042 2298 AND
2 1 0 2043 2299 AND
2 1 0 2044 2300 AND
2 1 0 2045 2301 AND
2 1 0 2046 2302 AND
2 1 0 2047 2303 AND
2 1 0 2048 2304 AND
2 1 0 2049 2305 AND
2 1 1537 1538 2306 AND
2 1 1537 1539 2307 AND
2 1 1537 1540 2308 AND
2 1 1537 1541 2309 AND
2 1 1537 1542 2310 AND
2 1 1537 1543 2311 AND
2 1 1537 1544 2312 AND
2 1 1537 1545 2313 AND
2 1 1537 1546 2314 AND
2 1 1537 1547 2315 AND
2 1 1537 1548 2316 AND
2 1 1537 1549 2317 AND
2 1 1537 1550 2318 AND
2 1 1537 1551 2319 AND
2 1 1537 1552 2320 AND
2 1 1537 1553 2321 AND
2 1 1537 1554 2322 AND
2 1 1537 1555 2323 AND
2 1 1537 1556 2324 AND
2 1 1537 1557 2325 AND
2 1 1537 1558 2326 AND
2 1 1537 1559 2327 AND
2 1 1537 1560 2328 AND
2 1 1537 1561 2329 AND
2 1 1537 1562 2330 AND
2 1 1537 1563 2331 AND
2 1 1537 1564 2332 AND
2 1 1537 1565 2333 AND
2 1 1537 1566 2334 AND
2 1 1537 1567 2335 AND
2 1 1537 1568 2336 AND
2 1 1537 1569 2337 AND
2 1 1537 1570 2338 AND
2 1 1537 1571 2339 AND
2 1 1537 1572 2340 AND
2 1 1537 1573 2341 AND
2 1 1537 1574 2342 AND
2 1 1537 1575 2343 AND
2 1 1537 1576 2344 AND
2 1 1537 1577 2345 AND
2 1 1537 1578 2346 AND
2 1 1537 1579 2347 AND
2 1 1537 1580 2348 AND
2 1 1537 1581 2349 AND
2 1 1537 1582 2350 AND
2 1 1537 1583 2351 AND
2 1 1537 1584 2352 AND
2 1 1537 1585 2353 AND
2 1 1537 1586 2354 AND
2 1 1537 1587 2355 AND
2 1 1537 1588 2356 AND
2 1 1537 1589 2357 AND
2 1 1537 1590 2358 AND
2 1 1537 1591 2359 AND
2 1 1537 1592 2360 AND
2 1 1537 1593 2361 AND
2 1 1537 1594 2362 AND
2 1 1537 1595 2363 AND
2 1 1537 1596 2364 AND
2 1 1537 1597 2365 AND
2 1 1537 1598 2366 AND
2 1 1537 1599 2367 AND
2 1 1537 1600 2368 AND
2 1 1537 1601 2369 AND
2 1 1537 1602 2370 AND
2 1 1537 1603 2371 AND
2 1 1537 1604 2372 AND
2 1 1537 1605 2373 AND
2 1 1537 1606 2374 AND
2 1 1537 1607 2375 AND
2 1 1537 1608 2376 AND
2 1 1537 1609 2377 AND
2 1 1537 1610 2378 AND
2 1 1537 1611 2379 AND
2 1 1537 1612 2380 AND
2 1 1537 1613 2381 AND
2 1 1537 1614 2382 AND
2 1 1537 1615 2383 AND
2 1 1537 1616 2384 AND
2 1 1537 1617 2385 AND
2 1 1537 1618 2386 AND
2 1 1537 1619 2387 AND
2 1 1537 1620 2388 AND
2 1 1537 1621 2389 AND
2 1 1537 1622 2390 AND
2 1 1537 1623 2391 AND
2 1 1537 1624 2392 AND
2 1 1537 1625 2393 AND
2 1 1537 1626 2394 AND
2 1 1537 1627 2395 AND
2 1 1537 1628 2396 AND
2 1 1537 1629 2397 AND
2 1 1537 1630 2398 AND
2 1 1537 1631 2399 AND
2 1 1537 1632 2400 AND
2 1 1537 1633 2401 AND
2 1 1537 1634 2402 AND
2 1 1537 1635 2403 AND
2 1 1537 1636 2404 AND
2 1 1537 1637 2405 AND
2 1 1537 1638 2406 AND
2 1 1537 1639 2407 AND
2 1 1537 1640 2408 AND
2 1 1537 1641 2409 AND
2 1 1537 1642 2410 AND
2 1 1537 1643 2411 AND
2 1 1537 1644 2412 AND
2 1 1537 1645 2413 AND
2 1 1537 1646 2414 AND
2 1 1537 1647 2415 AND
2 1 1537 1648 2416 AND
2 1 1537 1649 2417 AND
2 1 1537 1650 2418 AND
2 1 1537 1651 2419 AND
2 1 1537 1652 2420 AND
2 1 1537 1653 2421 AND
2 1 1537 1654 2422 AND
2 1 1537 1655 2423 AND
2 1 1537 1656 2424 AND
2 1 1537 1657 2425 AND
2 1 1537 1658 2426 AND
2 1 1537 1659 2427 AND
2 1 1537 1660 2428 AND
2 1 1537 1661 2429 AND
2 1 1537 1662 2430 AND
2 1 1537 1663 2431 AND
2 1 1537 1664 2432 AND
2 1 1537 1665 2433 AND
2 1 1537 1666 2434 AND
2 1 1537 1667 2435 AND
2 1 1537 1668 2436 AND
2 1 1537 1669 2437 AND
2 1 1537 1670 2438 AND
2 1 1537 1671 2439 AND
2 1 1537 1672 2440 AND
2 1 1537 1673 2441 AND
2 1 1537 1674 2442 AND
2 1 1537 1675 2443 AND
2 1 1537 1676 2444 AND
2 1 1537 1677 2445 AND
2 1 1537 1678 2446 AND
2 1 1537 1679 2447 AND
2 1 1537 1680 2448 AND
2 1 1537 1681 2449 AND
2 1 1537 1682 2450 AND
2 1 1537 1683 2451 AND
2 1 1537 1684 2452 AND
2 1 1537 1685 2453 AND
2 1 1537 1686 2454 AND
2 1 1537 1687 2455 AND
2 1 1537 1688 2456 AND
2 1 1537 1689 2457 AND
2 1 1537 1690 2458 AND
2 1 1537 1691 2459 AND
2 1 1537 1692 2460 AND
2 1 1537 1693 2461 AND
2 1 1537 1694 2462 AND
2 1 1537 1695 2463 AND
2 1 1537 1696 2464 AND
2 1 1537 1697 2465 AND
2 1 1537 1698 2466 AND
2 1 1537 1699 2467 AND
2 1 1537 1700 2468 AND
2 1 1537 1701 2469 AND
2 1 1537 1702 2470 AND
2 1 1537 1703 2471 AND
2 1 1537 1704 2472 AND
2 1 1537 1705 2473 AND
2 1 1537 1706 2474 AND
2 1 1537 1707 2475 AND
2 1 1537 1708 2476 AND
2 1 1537 1709 2477 AND
2 1 1537 1710 2478 AND
2 1 1537 1711 2479 AND
2 1 1537 1712 2480 AND
2 1 1537 1713 2481 AND
2 1 1537 1714 2482 AND
2 1 1537 1715 2483 AND
2 1 1537 1716 2484 AND
2 1 1537 1717 2485 AND
2 1 1537 1718 2486 AND
2 1 1537 1719 2487 AND
2 1 1537 1720 2488 AND
2 1 1537 1721 2489 AND
2 1 1537 1722 2490 AND
2 1 1537 1723 2491 AND
2 1 1537 1724 2492 AND
2 1 1537 1725 2493 AND
2 1 1537 1726 2494 AND
2 1 1537 1727 2495 AND
2 1 1537 1728 2496 AND
2 1 1537 1729 2497 AND
2 1 1537 1730 2498 AND
2 1 1537 1731 2499 AND
2 1 1537 1732 2500 AND
2 1 1537 1733 2501 AND
2 1 1537 1734 2502 AND
2 1 1537 1735 2503 AND
2 1 1537 1736 2504 AND
2 1 1537 1737 2505 AND
2 1 1537 1738 2506 AND
2 1 1537 1739 2507 AND
2 1 1537 1740 2508 AND
2 1 1537 1741 2509 AND
2 1 1537 1742 2510 AND
2 1 1537 1743 2511 AND
2 1 1537 1744 2512 AND
2 1 1537 1745 2513 AND
2 1 1537 1746 2514 AND
2 1 1537 1747 2515 AND
2 1 1537 1748 2516 AND
2 1 1537 1749 2517 AND
2 1 1537 1750 2518 AND
2 1 1537 1751 2519 AND
2 1 1537 1752 2520 AND
2 1 1537 1753 2521 AND
2 1 1537 1754 2522 AND
2 1 1537 1755 2523 AND
2 1 1537 1756 2524 AND
2 1 1537 1757 2525 AND
2 1 1537 1758 2526 AND
2 1 1537 1759 2527 AND
2 1 1537 1760 2528 AND
2 1 1537 1761 2529 AND
2 1 1537 1762 2530 AND
2 1 1537 1763 2531 AND
2 1 1537 1764 2532 AND
2 1 1537 1765 2533 AND
2 1 1537 1766 2534 AND
2 1 1537 1767 2535 AND
2 1 1537 1768 2536 AND
2 1 1537 1769 2537 AND
2 1 1537 1770 2538 AND
2 1 1537 1771 2539 AND
2 1 1537 1772 2540 AND
2 1 1537 1773 2541 AND
2 1 1537 1774 2542 AND
2 1 1537 1775 2543 AND
2 1 1537 1776 2544 AND
2 1 1537 1777 2545 AND
2 1 1537 1778 2546 AND
2 1 1537 1779 2547 AND
2 1 1537 1780 2548 AND
2 1 1537 1781 2549 AND
2 1 1537 1782 2550 AND
2 1 1537 1783 2551 AND
2 1 1537 1784 2552 AND
2 1 1537 1785 2553 AND
2 1 1537 1786 2554 AND
2 1 1537 1787 2555 AND
2 1 1537 1788 2556 AND
2 1 1537 1789 2557 AND
2 1 1537 1790 2558 AND
2 1 1537 1791 2559 AND
2 1 1537 1792 2560 AND
2 1 1537 1793 2561 AND
2 1 2050 2306 2562 XOR
2 1 2051 2307 2563 XOR
2 1 2052 2308 2564 XOR
2 1 2053 2309 2565 XOR
2 1 2054 2310 2566 XOR
2 1 2055 2311 2567 XOR
2 1 2056 2312 2568 XOR
2 1 2057 2313 2569 XOR
2 1 2058 2314 2570 XOR
2 1 2059 2315 2571 XOR
2 1 2060 2316 2572 XOR
2 1 2061 2317 2573 XOR
2 1 2062 2318 2574 XOR
2 1 2063 2319 2575 XOR
2 1 2064 2320 2576 XOR
2 1 2065 2321 2577 XOR
2 1 2066 2322 2578 XOR
2 1 2067 2323 2579 XOR
2 1 2068 2324 2580 XOR
2 1 2069 2325 2581 XOR
2 1 2070 2326 2582 XOR
2 1 2071 2327 2583 XOR
2 1 2072 2328 2584 XOR
2 1 2073 2329 2585 XOR
2 1 2074 2330 2586 XOR
2 1 2075 2331 2587 XOR
2 1 2076 2332 2588 XOR
2 1 2077 2333 2589 XOR
2 1 2078 2334 2590 XOR
2 1 2079 2335 2591 XOR
2 1 2080 2336 2592 XOR
2 1 2081 2337 2593 XOR
2 1 2082 2338 2594 XOR
2 1 2083 2339 2595 XOR
2 1 2084 2340 2596 XOR
2 1 2085 2341 2597 XOR
2 1 2086 2342 2598 XOR
2 1 2087 2343 2599 XOR
2 1 2088 2344 2600 XOR
2 1 2089 2345 2601 XOR
2 1 2090 2346 2602 XOR
2 1 2091 2347 2603 XOR
2 1 2092 2348 2604 XOR
2 1 2093 2349 2605 XOR
2 1 2094 2350 2606 XOR
2 1 2095 2351 2607 XOR
2 1 2096 2352 2608 XOR
2 1 2097 2353 2609 XOR
2 1 2098 2354 2610 XOR
2 1 2099 2355 2611 XOR
2 1 2100 2356 2612 XOR
2 1 2101 2357 2613 XOR
2 1 2102 2358 2614 XOR
2 1 2103 2359 2615 XOR
2 1 2104 2360 2616 XOR
2 1 2105 2361 2617 XOR
2 1 2106 2362 2618 XOR
2 1 2107 2363 2619 XOR
2 1 2108 2364 2620 XOR
2 1 2109 2365 2621 XOR
2 1 2110 2366 2622 XOR
2 1 2111 2367 2623 XOR
2 1 2112 2368 2624 XOR
2 1 2113 2369 2625 XOR
2 1 2114 2370 2626 XOR
2 1 2115 2371 2627 XOR
2 1 2116 2372 2628 XOR
2 1 2117 2373 2629 XOR
2 1 2118 2374 2630 XOR
2 1 2119 2375 2631 XOR
2 1 2120 2376 2632 XOR
2 1 2121 2377 2633 XOR
2 1 2122 2378 2634 XOR
2 1 2123 2379 2635 XOR
2 1 2124 2380 2636 XOR
2 1 2125 2381 2637 XOR
2 1 2126 2382 2638 XOR
2 1 2127 2383 2639 XOR
2 1 2128 2384 2640 XOR
2 1 2129 2385 2641 XOR
2 1 2130 2386 2642 XOR
2 1 2131 2387 2643 XOR
2 1 2132 2388 2644 XOR
2 1 2133 2389 2645 XOR
2 1 2134 2390 2646 XOR
2 1 2135 2391 2647 XOR
2 1 2136 2392 2648 XOR
2 1 2137 2393 2649 XOR
2 1 2138 2394 2650 XOR
2 1 2139 2395 2651 XOR
2 1 2140 2396 2652 XOR
2 1 2141 2397 2653 XOR
2 1 2142 2398 2654 XOR
2 1 2143 2399 2655 XOR
2 1 2144 2400 2656 XOR
2 1 2145 2401 2657 XOR
2 1 2146 2402 2658 XOR
2 1 2147 2403 2659 XOR
2 1 2148 2404 2660 XOR
2 1 2149 2405 2661 XOR
2 1 2150 2406 2662 XOR
2 1 2151 2407 2663 XOR
2 1 2152 2408 2664 XOR
2 1 2153 2409 2665 XOR
2 1 2154 2410 2666 XOR
2 1 2155 2411 2667 XOR
2 1 2156 2412 2668 XOR
2 1 2157 2413 2669 XOR
2 1 2158 2414 2670 XOR
2 1 2159 2415 2671 XOR
2 1 2160 2416 2672 XOR
2 1 2161 2417 2673 XOR
2 1 2162 2418 2674 XOR
2 1 2163 2419 2675 XOR
2 1 2164 2420 2676 XOR
2 1 2165 2421 2677 XOR
2 1 2166 2422 2678 XOR
2 1 2167 2423 2679 XOR
2 1 2168 2424 2680 XOR
2 1 2169 2425 2681 XOR
2 1 2170 2426 2682 XOR
2 1 2171 2427 2683 XOR
2 1 2172 2428 2684 XOR
2 1 2173 2429 2685 XOR
2 1 2174 2430 2686 XOR
2 1 2175 2431 2687 XOR
2 1 2176 2432 2688 XOR
2 1 2177 2433 2689 XOR
2 1 2178 2434 2690 XOR
2 1 2179 2435 2691 XOR
2 1 2180 2436 2692 XOR
2 1 2181 2437 2693 XOR
2 1 2182 2438 2694 XOR
2 1 2183 2439 2695 XOR
2 1 2184 2440 2696 XOR
2 1 2185 2441 2697 XOR
2 1 2186 2442 2698 XOR
2 1 2187 2443 2699 XOR
2 1 2188 2444 2700 XOR
2 1 2189 2445 2701 XOR
2 1 2190 2446 2702 XOR
2 1 2191 2447 2703 XOR
2 1 2192 2448 2704 XOR
2 1 2193 2449 2705 XOR
2 1 2194 2450 2706 XOR
2 1 2195 2451 2707 XOR
2 1 2196 2452 2708 XOR
2 1 2197 2453 2709 XOR
2 1 2198 2454 2710 XOR
2 1 2199 2455 2711 XOR
2 1 2200 2456 2712 XOR
2 1 2201 2457 2713 XOR
2 1 2202 2458 2714 XOR
2 1 2203 2459 2715 XOR
2 1 2204 2460 2716 XOR
2 1 2205 2461 2717 XOR
2 1 2206 2462 2718 XOR
2 1 2207 2463 2719 XOR
2 1 2208 2464 2720 XOR
2 1 2209 2465 2721 XOR
2 1 2210 2466 2722 XOR
2 1 2211 2467 2723 XOR
2 1 2212 2468 2724 XOR
2 1 2213 2469 2725 XOR
2 1 2214 2470 2726 XOR
2 1 2215 2471 2727 XOR
2 1 2216 2472 2728 XOR
2 1 2217 2473 2729 XOR
2 1 2218 2474 2730 XOR
2 1 2219 2475 2731 XOR
2 1 2220 2476 2732 XOR
2 1 2221 2477 2733 XOR
2 1 2222 2478 2734 XOR
2 1 2223 2479 2735 XOR
2 1 2224 2480 2736 XOR
2 1 2225 2481 2737 XOR
2 1 2226 2482 2738 XOR
2 1 2227 2483 2739 XOR
2 1 2228 2484 2740 XOR
2 1 2229 2485 2741 XOR
2 1 2230 2486 2742 XOR
2 1 2231 2487 2743 XOR
2 1 2232 2488 2744 XOR
2 1 2233 2489 2745 XOR
2 1 2234 2490 2746 XOR
2 1 2235 2491 2747 XOR
2 1 2236 2492 2748 XOR
2 1 2237 2493 2749 XOR
2 1 2238 2494 2750 XOR
2 1 2239 2495 2751 XOR
2 1 2240 2496 2752 XOR
2 1 2241 2497 2753 XOR
2 1 2242 2498 2754 XOR
2 1 2243 2499 2755 XOR
2 1 2244 2500 2756 XOR
2 1 2245 2501 2757 XOR
2 1 2246 2502 2758 XOR
2 1 2247 2503 2759 XOR
2 1 2248 2504 2760 XOR
2 1 2249 2505 2761 XOR
2 1 2250 2506 2762 XOR
2 1 2251 2507 2763 XOR
2 1 2252 2508 2764 XOR
2 1 2253 2509 2765 XOR
2 1 2254 2510 2766 XOR
2 1 2255 2511 2767 XOR
2 1 2256 2512 2768 XOR
2 1 2257 2513 2769 XOR
2 1 2258 2514 2770 XOR
2 1 2259 2515 2771 XOR
2 1 2260 2516 2772 XOR
2 1 2261 2517 2773 XOR
2 1 2262 2518 2774 XOR
2 1 2263 2519 2775 XOR
2 1 2264 2520 2776 XOR
2 1 2265 2521 2777 XOR
2 1 2266 2522 2778 XOR
2 1 2267 2523 2779 XOR
2 1 2268 2524 2780 XOR
2 1 2269 2525 2781 XOR
2 1 2270 2526 2782 XOR
2 1 2271 2527 2783 XOR
2 1 2272 2528 2784 XOR
2 1 2273 2529 2785 XOR
2 1 2274 2530 2786 XOR
2 1 2275 2531 2787 XOR
2 1 2276 2532 2788 XOR
2 1 2277 2533 2789 XOR
2 1 2278 2534 2790 XOR
2 1 2279 2535 2791 XOR
2 1 2280 2536 2792 XOR
2 1 2281 2537 2793 XOR
2 1 2282 2538 2794 XOR
2 1 2283 2539 2795 XOR
2 1 2284 2540 2796 XOR
2 1 2285 2541 2797 XOR
2 1 2286 2542 2798 XOR
2 1 2287 2543 2799 XOR
2 1 2288 2544 2800 XOR
2 1 2289 2545 2801 XOR
2 1 2290 2546 2802 XOR
2 1 2291 2547 2803 XOR
2 1 2292 2548 2804 XOR
2 1 2293 2549 2805 XOR
2 1 2294 2550 2806 XOR
2 1 2295 2551 2807 XOR
2 1 2296 2552 2808 XOR
2 1 2297 2553 2809 XOR
2 1 2298 2554 2810 XOR
2 1 2299 2555 2811 XOR
2 1 2300 2556 2812 XOR
2 1 2301 2557 2813 XOR
2 1 2302 2558 2814 XOR
2 1 2303 2559 2815 XOR
2 1 2304 2560 2816 XOR
2 1 2305 2561 2817 XOR
2 1 0 1538 2818 AND
2 1 0 1539 2819 AND
2 1 0 1540 2820 AND
2 1 0 1541 2821 AND
2 1 0 1542 2822 AND
2 1 0 1543 2823 AND
2 1 0 1544 2824 AND
2 1 0 1545 2825 AND
2 1 0 1546 2826 AND
2 1 0 1547 2827 AND
2 1 0 1548 2828 AND
2 1 0 1549 2829 AND
2 1 0 1550 2830 AND
2 1 0 1551 2831 AND
2 1 0 1552 2832 AND
2 1 0 1553 2833 AND
2 1 0 1554 2834 AND
2 1 0 1555 2835 AND
2 1 0 1556 2836 AND
2 1 0 1557 2837 AND
2 1 0 1558 2838 AND
2 1 0 1559 2839 AND
2 1 0 1560 2840 AND
2 1 0 1561 2841 AND
2 1 0 1562 2842 AND
2 1 0 1563 2843 AND
2 1 0 1564 2844 AND
2 1 0 1565 2845 AND
2 1 0 1566 2846 AND
2 1 0 1567 2847 AND
2 1 0 1568 2848 AND
2 1 0 1569 2849 AND
2 1 0 1570 2850 AND
2 1 0 1571 2851 AND
2 1 0 1572 2852 AND
2 1 0 1573 2853 AND
2 1 0 1574 2854 AND
2 1 0 1575 2855 AND
2 1 0 1576 2856 AND
2 1 0 1577 2857 AND
2 1 0 1578 2858 AND
2 1 0 1579 2859 AND
2 1 0 1580 2860 AND
2 1 0 1581 2861 AND
2 1 0 1582 2862 AND
2 1 0 1583 2863 AND
2 1 0 1584 2864 AND
2 1 0 1585 2865 AND
2 1 0 1586 2866 AND
2 1 0 1587 2867 AND
2 1 0 1588 2868 AND
2 1 0 1589 2869 AND
2 1 0 1590 2870 AND
2 1 0 1591 2871 AND
2 1 0 1592 2872 AND
2 1 0 1593 2873 AND
2 1 0 1594 2874 AND
2 1 0 1595 2875 AND
2 1 0 1596 2876 AND
2 1 0 1597 2877 AND
2 1 0 1598 2878 AND
2 1 0 1599 2879 AND
2 1 0 1600 2880 AND
2 1 0 1601 2881 AND
2 1 0 1602 2882 AND
2 1 0 1603 2883 AND
2 1 0 1604 2884 AND
2 1 0 1605 2885 AND
2 1 0 1606 2886 AND
2 1 0 1607 2887 AND
2 1 0 1608 2888 AND
2 1 0 1609 2889 AND
2 1 0 1610 2890 AND
2 1 0 1611 2891 AND
2 1 0 1612 2892 AND
2 1 0 1613 2893 AND
2 1 0 1614 2894 AND
2 1 0 1615 2895 AND
2 1 0 1616 2896 AND
2 1 0 1617 2897 AND
2 1 0 1618 2898 AND
2 1 0 1619 2899 AND
2 1 0 1620 2900 AND
2 1 0 1621 2901 AND
2 1 0 1622 2902 AND
2 1 0 1623 2903 AND
2 1 0 1624 2904 AND
2 1 0 1625 2905 AND
2 1 0 1626 2906 AND
2 1 0 1627 2907 AND
2 1 0 1628 2908 AND
2 1 0 1629 2909 AND
2 1 0 1630 2910 AND
2 1 0 1631 2911 AND
2 1 0 1632 2912 AND
2 1 0 1633 2913 AND
2 1 0 1634 2914 AND
2 1 0 1635 2915 AND
2 1 0 1636 2916 AND
2 1 0 1637 2917 AND
2 1 0 1638 2918 AND
2 1 0 1639 2919 AND
2 1 0 1640 2920 AND
2 1 0 1641 2921 AND
2 1 0 1642 2922 AND
2 1 0 1643 2923 AND
2 1 0 1644 2924 AND
2 1 0 1645 2925 AND
2 1 0 1646 2926 AND
2 1 0 1647 2927 AND
2 1 0 1648 2928 AND
2 1 0 1649 2929 AND
2 1 0 1650 2930 AND
2 1 0 1651 2931 AND
2 1 0 1652 2932 AND
2 1 0 1653 2933 AND
2 1 0 1654 2934 AND
2 1 0 1655 2935 AND
2 1 0 1656 2936 AND
2 1 0 1657 2937 AND
2 1 0 1658 2938 AND
2 1 0 1659 2939 AND
2 1 0 1660 2940 AND
2 1 0 1661 2941 AND
2 1 0 1662 2942 AND
2 1 0 1663 2943 AND
2 1 0 1664 2944 AND
2 1 0 1665 2945 AND
2 1 0 1666 2946 AND
2 1 0 1667 2947 AND
2 1 0 1668 2948 AND
2 1 0 1669 2949 AND
2 1 0 1670 2950 AND
2 1 0 1671 2951 AND
2 1 0 1672 2952 AND
2 1 0 1673 2953 AND
2 1 0 1674 2954 AND
2 1 0 1675 2955 AND
2 1 0 1676 2956 AND
2 1 0 1677 2957 AND
2 1 0 1678 2958 AND
2 1 0 1679 2959 AND
2 1 0 1680 2960 AND
2 1 0 1681 2961 AND
2 1 0 1682 2962 AND
2 1 0 1683 2963 AND
2 1 0 1684 2964 AND
2 1 0 1685 2965 AND
2 1 0 1686 2966 AND
2 1 0 1687 2967 AND
2 1 0 1688 2968 AND
2 1 0 1689 2969 AND
2 1 0 1690 2970 AND
2 1 0 1691 2971 AND
2 1 0 1692 2972 AND
2 1 0 1693 2973 AND
2 1 0 1694 2974 AND
2 1 0 1695 2975 AND
2 1 0 1696 2976 AND
2 1 0 1697 2977 AND
2 1 0 1698 2978 AND
2 1 0 1699 2979 AND
2 1 0 1700 2980 AND
2 1 0 1701 2981 AND
2 1 0 1702 2982 AND
2 1 0 1703 2983 AND
2 1 0 1704 2984 AND
2 1 0 1705 2985 AND
2 1 0 1706 2986 AND
2 1 0 1707 2987 AND
2 1 0 1708 2988 AND
2 1 0 1709 2989 AND
2 1 0 1710 2990 AND
2 1 0 1711 2991 AND
2 1 0 1712 2992 AND
2 1 0 1713 2993 AND
2 1 0 1714 2994 AND
2 1 0 1715 2995 AND
2 1 0 1716 2996 AND
2 1 0 1717 2997 AND
2 1 0 1718 2998 AND
2 1 0 1719 2999 AND
2 1 0 1720 3000 AND
2 1 0 1721 3001 AND
2 1 0 1722 3002 AND
2 1 0 1723 3003 AND
2 1 0 1724 3004 AND
2 1 0 1725 3005 AND
2 1 0 1726 3006 AND
2 1 0 1727 3007 AND
2 1 0 1728 3008 AND
2 1 0 1729 3009 AND
2 1 0 1730 3010 AND
2 1 0 1731 3011 AND
2 1 0 1732 3012 AND
2 1 0 1733 3013 AND
2 1 0 1734 3014 AND
2 1 0 1735 3015 AND
2 1 0 1736 3016 AND
2 1 0 1737 3017 AND
2 1 0 1738 3018 AND
2 1 0 1739 3019 AND
2 1 0 1740 3020 AND
2 1 0 1741 3021 AND
2 1 0 1742 3022 AND
2 1 0 1743 3023 AND
2 1 0 1744 3024 AND
2 1 0 1745 3025 AND
2 1 0 1746 3026 AND
2 1 0 1747 3027 AND
2 1 0 1748 3028 AND
2 1 0 1749 3029 AND
2 1 0 1750 3030 AND
2 1 0 1751 3031 AND
2 1 0 1752 3032 AND
2 1 0 1753 3033 AND
2 1 0 1754 3034 AND
2 1 0 1755 3035 AND
2 1 0 1756 3036 AND
2 1 0 1757 3037 AND
2 1 0 1758 3038 AND
2 1 0 1759 3039 AND
2 1 0 1760 3040 AND
2 1 0 1761 3041 AND
2 1 0 1762 3042 AND
2 1 0 1763 3043 AND
2 1 0 1764 3044 AND
2 1 0 1765 3045 AND
2 1 0 1766 3046 AND
2 1 0 1767 3047 AND
2 1 0 1768 3048 AND
2 1 0 1769 3049 AND
2 1 0 1770 3050 AND
2 1 0 1771 3051 AND
2 1 0 1772 3052 AND
2 1 0 1773 3053 AND
2 1 0 1774 3054 AND
2 1 0 1775 3055 AND
2 1 0 1776 3056 AND
2 1 0 1777 3057 AND
2 1 0 1778 3058 AND
2 1 0 1779 3059 AND
2 1 0 1780 3060 AND
2 1 0 1781 3061 AND
2 1 0 1782 3062 AND
2 1 0 1783 3063 AND
2 1 0 1784 3064 AND
2 1 0 1785 3065 AND
2 1 0 1786 3066 AND
2 1 0 1787 3067 AND
2 1 0 1788 3068 AND
2 1 0 1789 3069 AND
2 1 0 1790 3070 AND
2 1 0 1791 3071 AND
2 1 0 1792 3072 AND
2 1 0 1793 3073 AND
2 1 1537 1794 3074 AND
2 1 1537 1795 3075 AND
2 1 1537 1796 3076 AND
2 1 1537 1797 3077 AND
2 1 1537 1798 3078 AND
2 1 1537 1799 3079 AND
2 1 1537 1800 3080 AND
2 1 1537 1801 3081 AND
2 1 1537 1802 3082 AND
2 1 1537 1803 3083 AND
2 1 1537 1804 3084 AND
2 1 1537 1805 3085 AND
2 1 1537 1806 3086 AND
2 1 1537 1807 3087 AND
2 1 1537 1808 3088 AND
2 1 1537 1809 3089 AND
2 1 1537 1810 3090 AND
2 1 1537 1811 3091 AND
2 1 1537 1812 3092 AND
2 1 1537 1813 3093 AND
2 1 1537 1814 3094 AND
2 1 1537 1815 3095 AND
2 1 1537 1816 3096 AND
2 1 1537 1817 3097 AND
2 1 1537 1818 3098 AND
2 1 1537 1819 3099 AND
2 1 1537 1820 3100 AND
2 1 1537 1821 3101 AND
2 1 1537 1822 3102 AND
2 1 1537 1823 3103 AND
2 1 1537 1824 3104 AND
2 1 1537 1825 3105 AND
2 1 1537 1826 3106 AND
2 1 1537 1827 3107 AND
2 1 1537 1828 3108 AND
2 1 1537 1829 3109 AND
2 1 1537 1830 3110 AND
2 1 1537 1831 3111 AND
2 1 1537 1832 3112 AND
2 1 1537 1833 3113 AND
2 1 1537 1834 3114 AND
2 1 1537 1835 3115 AND
2 1 1537 1836 3116 AND
2 1 1537 1837 3117 AND
2 1 1537 1838 3118 AND
2 1 1537 1839 3119 AND
2 1 1537 1840 3120 AND
2 1 1537 1841 3121 AND
2 1 1537 1842 3122 AND
2 1 1537 1843 3123 AND
2 1 1537 1844 3124 AND
2 1 1537 1845 3125 AND
2 1 1537 1846 3126 AND
2 1 1537 1847 3127 AND
2 1 1537 1848 3128 AND
2 1 1537 1849 3129 AND
2 1 1537 1850 3130 AND
2 1 1537 1851 3131 AND
2 1 1537 1852 3132 AND
2 1 1537 1853 3133 AND
2 1 1537 1854 3134 AND
2 1 1537 1855 3135 AND
2 1 1537 1856 3136 AND
2 1 1537 1857 3137 AND
2 1 1537 1858 3138 AND
2 1 1537 1859 3139 AND
2 1 1537 1860 3140 AND
2 1 1537 1861 3141 AND
2 1 1537 1862 3142 AND
2 1 1537 1863 3143 AND
2 1 1537 1864 3144 AND
2 1 1537 1865 3145 AND
2 1 1537 1866 3146 AND
2 1 1537 1867 3147 AND
2 1 1537 1868 3148 AND
2 1 1537 1869 3149 AND
2 1 1537 1870 3150 AND
2 1 1537 1871 3151 AND
2 1 1537 1872 3152 AND
2 1 1537 1873 3153 AND
2 1 1537 1874 3154 AND
2 1 1537 1875 3155 AND
2 1 1537 1876 3156 AND
2 1 1537 1877 3157 AND
2 1 1537 1878 3158 AND
2 1 1537 1879 3159 AND
2 1 1537 1880 3160 AND
2 1 1537 1881 3161 AND
2 1 1537 1882 3162 AND
2 1 1537 1883 3163 AND
2 1 1537 1884 3164 AND
2 1 1537 1885 3165 AND
2 1 1537 1886 3166 AND
2 1 1537 1887 3167 AND
2 1 1537 1888 3168 AND
2 1 1537 1889 3169 AND
2 1 1537 1890 3170 AND
2 1 1537 1891 3171 AND
2 1 1537 1892 3172 AND
2 1 1537 1893 3173 AND
2 1 1537 1894 3174 AND
2 1 1537 1895 3175 AND
2 1 1537 1896 3176 AND
2 1 1537 1897 3177 AND
2 1 1537 1898 3178 AND
2 1 1537 1899 3179 AND
2 1 1537 1900 3180 AND
2 1 1537 1901 3181 AND
2 1 1537 1902 3182 AND
2 1 1537 1903 3183 AND
2 1 1537 1904 3184 AND
2 1 1537 1905 3185 AND
2 1 1537 1906 3186 AND
2 1 1537 1907 3187 AND
2 1 1537 1908 3188 AND
2 1 1537 1909 3189 AND
2 1 1537 1910 3190 AND
2 1 1537 1911 3191 AND
2 1 1537 1912 3192 AND
2 1 1537 1913 3193 AND
2 1 1537 1914 3194 AND
2 1 1537 1915 3195 AND
2 1 1537 1916 3196 AND
2 1 1537 1917 3197 AND
2 1 1537 1918 3198 AND
2 1 1537 1919 3199 AND
2 1 1537 1920 3200 AND
2 1 1537 1921 3201 AND
2 1 1537 1922 3202 AND
2 1 1537 1923 3203 AND
2 1 1537 1924 3204 AND
2 1 1537 1925 3205 AND
2 1 1537 1926 3206 AND
2 1 1537 1927 3207 AND
2 1 1537 1928 3208 AND
2 1 1537 1929 3209 AND
2 1 1537 1930 3210 AND
2 1 1537 1931 3211 AND
2 1 1537 1932 3212 AND
2 1 1537 1933 3213 AND
2 1 1537 1934 3214 AND
2 1 1537 1935 3215 AND
2 1 1537 1936 3216 AND
2 1 1537 1937 3217 AND
2 1 1537 1938 3218 AND
2 1 1537 1939 3219 AND
2 1 1537 1940 3220 AND
2 1 1537 1941 3221 AND
2 1 1537 1942 3222 AND
2 1 1537 1943 3223 AND
2 1 1537 1944 3224 AND
2 1 1537 1945 3225 AND
2 1 1537 1946 3226 AND
2 1 1537 1947 3227 AND
2 1 1537 1948 3228 AND
2 1 1537 1949 3229 AND
2 1 1537 1950 3230 AND
2 1 1537 1951 3231 AND
2 1 1537 1952 3232 AND
2 1 1537 1953 3233 AND
2 1 1537 1954 3234 AND
2 1 1537 1955 3235 AND
2 1 1537 1956 3236 AND
2 1 1537 1957 3237 AND
2 1 1537 1958 3238 AND
2 1 1537 1959 3239 AND
2 1 1537 1960 3240 AND
2 1 1537 1961 3241 AND
2 1 1537 1962 3242 AND
2 1 1537 1963 3243 AND
2 1 1537 1964 3244 AND
2 1 1537 1965 3245 AND
2 1 1537 1966 3246 AND
2 1 1537 1967 3247 AND
2 1 1537 1968 3248 AND
2 1 1537 1969 3249 AND
2 1 1537 1970 3250 AND
2 1 1537 1971 3251 AND
2 1 1537 1972 3252 AND
2 1 1537 1973 3253 AND
2 1 1537 1974 3254 AND
2 1 1537 1975 3255 AND
2 1 1537 1976 3256 AND
2 1 1537 1977 3257 AND
2 1 1537 1978 3258 AND
2 1 1537 1979 3259 AND
2 1 1537 1980 3260 AND
2 1 1537 1981 3261 AND
2 1 1537 1982 3262 AND
2 1 1537 1983 3263 AND
2 1 1537 1984 3264 AND
2 1 1537 1985 3265 AND
2 1 1537 1986 3266 AND
2 1 1537 1987 3267 AND
2 1 1537 1988 3268 AND
2 1 1537 1989 3269 AND
2 1 1537 1990 3270 AND
2 1 1537 1991 3271 AND
2 1 1537 1992 3272 AND
2 1 1537 1993 3273 AND
2 1 1537 1994 3274 AND
2 1 1537 1995 3275 AND
2 1 1537 1996 3276 AND
2 1 1537 1997 3277 AND
2 1 1537 1998 3278 AND
2 1 1537 1999 3279 AND
2 1 1537 2000 3280 AND
2 1 1537 2001 3281 AND
2 1 1537 2002 3282 AND
2 1 1537 2003 3283 AND
2 1 1537 2004 3284 AND
2 1 1537 2005 3285 AND
2 1 1537 2006 3286 AND
2 1 1537 2007 3287 AND
2 1 1537 2008 3288 AND
2 1 1537 2009 3289 AND
2 1 1537 2010 3290 AND
2 1 1537 2011 3291 AND
2 1 1537 2012 3292 AND
2 1 1537 2013 3293 AND
2 1 1537 2014 3294 AND
2 1 1537 2015 3295 AND
2 1 1537 2016 3296 AND
2 1 1537 2017 3297 AND
2 1 1537 2018 3298 AND
2 1 1537 2019 3299 AND
2 1 1537 2020 3300 AND
2 1 1537 2021 3301 AND
2 1 1537 2022 3302 AND
2 1 1537 2023 3303 AND
2 1 1537 2024 3304 AND
2 1 1537 2025 3305 AND
2 1 1537 2026 3306 AND
2 1 1537 2027 3307 AND
2 1 1537 2028 3308 AND
2 1 1537 2029 3309 AND
2 1 1537 2030 3310 AND
2 1 1537 2031 3311 AND
2 1 1537 2032 3312 AND
2 1 1537 2033 3313 AND
2 1 1537 2034 3314 AND
2 1 1537 2035 3315 AND
2 1 1537 2036 3316 AND
2 1 1537 2037 3317 AND
2 1 1537 2038 3318 AND
2 1 1537 2039 3319 AND
2 1 1537 2040 3320 AND
2 1 1537 2041 3321 AND
2 1 1537 2042 3322 AND
2 1 1537 2043 3323 AND
2 1 1537 2044 3324 AND
2 1 1537 2045 3325 AND
2 1 1537 2046 3326 AND
2 1 1537 2047 3327 AND
2 1 1537 2048 3328 AND
2 1 1537 2049 3329 AND
2 1 2818 3074 3330 XOR
2 1 2819 3075 3331 XOR
2 1 2820 3076 3332 XOR
2 1 2821 3077 3333 XOR
2 1 2822 3078 3334 XOR
2 1 2823 3079 3335 XOR
2 1 2824 3080 3336 XOR
2 1 2825 3081 3337 XOR
2 1 2826 3082 3338 XOR
2 1 2827 3083 3339 XOR
2 1 2828 3084 3340 XOR
2 1 2829 3085 3341 XOR
2 1 2830 3086 3342 XOR
2 1 2831 3087 3343 XOR
2 1 2832 3088 3344 XOR
2 1 2833 3089 3345 XOR
2 1 2834 3090 3346 XOR
2 1 2835 3091 3347 XOR
2 1 2836 3092 3348 XOR
2 1 2837 3093 3349 XOR
2 1 2838 3094 3350 XOR
2 1 2839 3095 3351 XOR
2 1 2840 3096 3352 XOR
2 1 2841 3097 3353 XOR
2 1 2842 3098 3354 XOR
2 1 2843 3099 3355 XOR
2 1 2844 3100 3356 XOR
2 1 2845 3101 3357 XOR
2 1 2846 3102 3358 XOR
2 1 2847 3103 3359 XOR
2 1 2848 3104 3360 XOR
2 1 2849 3105 3361 XOR
2 1 2850 3106 3362 XOR
2 1 2851 3107 3363 XOR
2 1 2852 3108 3364 XOR
2 1 2853 3109 3365 XOR
2 1 2854 3110 3366 XOR
2 1 2855 3111 3367 XOR
2 1 2856 3112 3368 XOR
2 1 2857 3113 3369 XOR
2 1 2858 3114 3370 XOR
2 1 2859 3115 3371 XOR
2 1 2860 3116 3372 XOR
2 1 2861 3117 3373 XOR
2 1 2862 3118 3374 XOR
2 1 2863 3119 3375 XOR
2 1 2864 3120 3376 XOR
2 1 2865 3121 3377 XOR
2 1 2866 3122 3378 XOR
2 1 2867 3123 3379 XOR
2 1 2868 3124 3380 XOR
2 1 2869 3125 3381 XOR
2 1 2870 3126 3382 XOR
2 1 2871 3127 3383 XOR
2 1 2872 3128 3384 XOR
2 1 2873 3129 3385 XOR
2 1 2874 3130 3386 XOR
2 1 2875 3131 3387 XOR
2 1 2876 3132 3388 XOR
2 1 2877 3133 3389 XOR
2 1 2878 3134 3390 XOR
2 1 2879 3135 3391 XOR
2 1 2880 3136 3392 XOR
2 1 2881 3137 3393 XOR
2 1 2882 3138 3394 XOR
2 1 2883 3139 3395 XOR
2 1 2884 3140 3396 XOR
2 1 2885 3141 3397 XOR
2 1 2886 3142 3398 XOR
2 1 2887 3143 3399 XOR
2 1 2888 3144 3400 XOR
2 1 2889 3145 3401 XOR
2 1 2890 3146 3402 XOR
2 1 2891 3147 3403 XOR
2 1 2892 3148 3404 XOR
2 1 2893 3149 3405 XOR
2 1 2894 3150 3406 XOR
2 1 2895 3151 3407 XOR
2 1 2896 3152 3408 XOR
2 1 2897 3153 3409 XOR
2 1 2898 3154 3410 XOR
2 1 2899 3155 3411 XOR
2 1 2900 3156 3412 XOR
2 1 2901 3157 3413 XOR
2 1 2902 3158 3414 XOR
2 1 2903 3159 3415 XOR
2 1 2904 3160 3416 XOR
2 1 2905 3161 3417 XOR
2 1 2906 3162 3418 XOR
2 1 2907 3163 3419 XOR
2 1 2908 3164 3420 XOR
2 1 2909 3165 3421 XOR
2 1 2910 3166 3422 XOR
2 1 2911 3167 3423 XOR
2 1 2912 3168 3424 XOR
2 1 2913 3169 3425 XOR
2 1 2914 3170 3426 XOR
2 1 2915 3171 3427 XOR
2 1 2916 3172 3428 XOR
2 1 2917 3173 3429 XOR
2 1 2918 3174 3430 XOR
2 1 2919 3175 3431 XOR
2 1 2920 3176 3432 XOR
2 1 2921 3177 3433 XOR
2 1 2922 3178 3434 XOR
2 1 2923 3179 3435 XOR
2 1 2924 3180 3436 XOR
2 1 2925 3181 3437 XOR
2 1 2926 3182 3438 XOR
2 1 2927 3183 3439 XOR
2 1 2928 3184 3440 XOR
2 1 2929 3185 3441 XOR
2 1 2930 3186 3442 XOR
2 1 2931 3187 3443 XOR
2 1 2932 3188 3444 XOR
2 1 2933 3189 3445 XOR
2 1 2934 3190 3446 XOR
2 1 2935 3191 3447 XOR
2 1 2936 3192 3448 XOR
2 1 2937 3193 3449 XOR
2 1 2938 3194 3450 XOR
2 1 2939 3195 3451 XOR
2 1 2940 3196 3452 XOR
2 1 2941 3197 3453 XOR
2 1 2942 3198 3454 XOR
2 1 2943 3199 3455 XOR
2 1 2944 3200 3456 XOR
2 1 2945 3201 3457 XOR
2 1 2946 3202 3458 XOR
2 1 2947 3203 3459 XOR
2 1 2948 3204 3460 XOR
2 1 2949 3205 3461 XOR
2 1 2950 3206 3462 XOR
2 1 2951 3207 3463 XOR
2 1 2952 3208 3464 XOR
2 1 2953 3209 3465 XOR
2 1 2954 3210 3466 XOR
2 1 2955 3211 3467 XOR
2 1 2956 3212 3468 XOR
2 1 2957 3213 3469 XOR
2 1 2958 3214 3470 XOR
2 1 2959 3215 3471 XOR
2 1 2960 3216 3472 XOR
2 1 2961 3217 3473 XOR
2 1 2962 3218 3474 XOR
2 1 2963 3219 3475 XOR
2 1 2964 3220 3476 XOR
2 1 2965 3221 3477 XOR
2 1 2966 3222 3478 XOR
2 1 2967 3223 3479 XOR
2 1 2968 3224 3480 XOR
2 1 2969 3225 3481 XOR
2 1 2970 3226 3482 XOR
2 1 2971 3227 3483 XOR
2 1 2972 3228 3484 XOR
2 1 2973 3229 3485 XOR
2 1 2974 3230 3486 XOR
2 1 2975 3231 3487 XOR
2 1 2976 3232 3488 XOR
2 1 2977 3233 3489 XOR
2 1 2978 3234 3490 XOR
2 1 2979 3235 3491 XOR
2 1 2980 3236 3492 XOR
2 1 2981 3237 3493 XOR
2 1 2982 3238 3494 XOR
2 1 2983 3239 3495 XOR
2 1 2984 3240 3496 XOR
2 1 2985 3241 3497 XOR
2 1 2986 3242 3498 XOR
2 1 2987 3243 3499 XOR
2 1 2988 3244 3500 XOR
2 1 2989 3245 3501 XOR
2 1 2990 3246 3502 XOR
2 1 2991 3247 3503 XOR
2 1 2992 3248 3504 XOR
2 1 2993 3249 3505 XOR
2 1 2994 3250 3506 XOR
2 1 2995 3251 3507 XOR
2 1 2996 3252 3508 XOR
2 1 2997 3253 3509 XOR
2 1 2998 3254 3510 XOR
2 1 2999 3255 3511 XOR
2 1 3000 3256 3512 XOR
2 1 3001 3257 3513 XOR
2 1 3002 3258 3514 XOR
2 1 3003 3259 3515 XOR
2 1 3004 3260 3516 XOR
2 1 3005 3261 3517 XOR
2 1 3006 3262 3518 XOR
2 1 3007 3263 3519 XOR
2 1 3008 3264 3520 XOR
2 1 3009 3265 3521 XOR
2 1 3010 3266 3522 XOR
2 1 3011 3267 3523 XOR
2 1 3012 3268 3524 XOR
2 1 3013 3269 3525 XOR
2 1 3014 3270 3526 XOR
2 1 3015 3271 3527 XOR
2 1 3016 3272 3528 XOR
2 1 3017 3273 3529 XOR
2 1 3018 3274 3530 XOR
2 1 3019 3275 3531 XOR
2 1 3020 3276 3532 XOR
2 1 3021 3277 3533 XOR
2 1 3022 3278 3534 XOR
2 1 3023 3279 3535 XOR
2 1 3024 3280 3536 XOR
2 1 3025 3281 3537 XOR
2 1 3026 3282 3538 XOR
2 1 3027 3283 3539 XOR
2 1 3028 3284 3540 XOR
2 1 3029 3285 3541 XOR
2 1 3030 3286 3542 XOR
2 1 3031 3287 3543 XOR
2 1 3032 3288 3544 XOR
2 1 3033 3289 3545 XOR
2 1 3034 3290 3546 XOR
2 1 3035 3291 3547 XOR
2 1 3036 3292 3548 XOR
2 1 3037 3293 3549 XOR
2 1 3038 3294 3550 XOR
2 1 3039 3295 3551 XOR
2 1 3040 3296 3552 XOR
2 1 3041 3297 3553 XOR
2 1 3042 3298 3554 XOR
2 1 3043 3299 3555 XOR
2 1 3044 3300 3556 XOR
2 1 3045 3301 3557 XOR
2 1 3046 3302 3558 XOR
2 1 3047 3303 3559 XOR
2 1 3048 3304 3560 XOR
2 1 3049 3305 3561 XOR
2 1 3050 3306 3562 XOR
2 1 3051 3307 3563 XOR
2 1 3052 3308 3564 XOR
2 1 3053 3309 3565 XOR
2 1 3054 3310 3566 XOR
2 1 3055 3311 3567 XOR
2 1 3056 3312 3568 XOR
2 1 3057 3313 3569 XOR
2 1 3058 3314 3570 XOR
2 1 3059 3315 3571 XOR
2 1 3060 3316 3572 XOR
2 1 3061 3317 3573 XOR
2 1 3062 3318 3574 XOR
2 1 3063 3319 3575 XOR
2 1 3064 3320 3576 XOR
2 1 3065 3321 3577 XOR
2 1 3066 3322 3578 XOR
2 1 3067 3323 3579 XOR
2 1 3068 3324 3580 XOR
2 1 3069 3325 3581 XOR
2 1 3070 3326 3582 XOR
2 1 3071 3327 3583 XOR
2 1 3072 3328 3584 XOR
2 1 3073 3329 3585 XOR
2 1 1025 2562 3586 XOR
2 1 1026 2563 3587 XOR
2 1 1027 2564 3588 XOR
2 1 1028 2565 3589 XOR
2 1 1029 2566 3590 XOR
2 1 1030 2567 3591 XOR
2 1 1031 2568 3592 XOR
2 1 1032 2569 3593 XOR
2 1 1033 2570 3594 XOR
2 1 1034 2571 3595 XOR
2 1 1035 2572 3596 XOR
2 1 1036 2573 3597 XOR
2 1 1037 2574 3598 XOR
2 1 1038 2575 3599 XOR
2 1 1039 2576 3600 XOR
2 1 1040 2577 3601 XOR
2 1 1041 2578 3602 XOR
2 1 1042 2579 3603 XOR
2 1 1043 2580 3604 XOR
2 1 1044 2581 3605 XOR
2 1 1045 2582 3606 XOR
2 1 1046 2583 3607 XOR
2 1 1047 2584 3608 XOR
2 1 1048 2585 3609 XOR
2 1 1049 2586 3610 XOR
2 1 1050 2587 3611 XOR
2 1 1051 2588 3612 XOR
2 1 1052 2589 3613 XOR
2 1 1053 2590 3614 XOR
2 1 1054 2591 3615 XOR
2 1 1055 2592 3616 XOR
2 1 1056 2593 3617 XOR
2 1 1057 2594 3618 XOR
2 1 1058 2595 3619 XOR
2 1 1059 2596 3620 XOR
2 1 1060 2597 3621 XOR
2 1 1061 2598 3622 XOR
2 1 1062 2599 3623 XOR
2 1 1063 2600 3624 XOR
2 1 1064 2601 3625 XOR
2 1 1065 2602 3626 XOR
2 1 1066 2603 3627 XOR
2 1 1067 2604 3628 XOR
2 1 1068 2605 3629 XOR
2 1 1069 2606 3630 XOR
2 1 1070 2607 3631 XOR
2 1 1071 2608 3632 XOR
2 1 1072 2609 3633 XOR
2 1 1073 2610 3634 XOR
2 1 1074 2611 3635 XOR
2 1 1075 2612 3636 XOR
2 1 1076 2613 3637 XOR
2 1 1077 2614 3638 XOR
2 1 1078 2615 3639 XOR
2 1 1079 2616 3640 XOR
2 1 1080 2617 3641 XOR
2 1 1081 2618 3642 XOR
2 1 1082 2619 3643 XOR
2 1 1083 2620 3644 XOR
2 1 1084 2621 3645 XOR
2 1 1085 2622 3646 XOR
2 1 1086 2623 3647 XOR
2 1 1087 2624 3648 XOR
2 1 1088 2625 3649 XOR
2 1 1089 2626 3650 XOR
2 1 1090 2627 3651 XOR
2 1 1091 2628 3652 XOR
2 1 1092 2629 3653 XOR
2 1 1093 2630 3654 XOR
2 1 1094 2631 3655 XOR
2 1 1095 2632 3656 XOR
2 1 1096 2633 3657 XOR
2 1 1097 2634 3658 XOR
2 1 1098 2635 3659 XOR
2 1 1099 2636 3660 XOR
2 1 1100 2637 3661 XOR
2 1 1101 2638 3662 XOR
2 1 1102 2639 3663 XOR
2 1 1103 2640 3664 XOR
2 1 1104 2641 3665 XOR
2 1 1105 2642 3666 XOR
2 1 1106 2643 3667 XOR
2 1 1107 2644 3668 XOR
2 1 1108 2645 3669 XOR
2 1 1109 2646 3670 XOR
2 1 1110 2647 3671 XOR
2 1 1111 2648 3672 XOR
2 1 1112 2649 3673 XOR
2 1 1113 2650 3674 XOR
2 1 1114 2651 3675 XOR
2 1 1115 2652 3676 XOR
2 1 1116 2653 3677 XOR
2 1 1117 2654 3678 XOR
2 1 1118 2655 3679 XOR
2 1 1119 2656 3680 XOR
2 1 1120 2657 3681 XOR
2 1 1121 2658 3682 XOR
2 1 1122 2659 3683 XOR
2 1 1123 2660 3684 XOR
2 1 1124 2661 3685 XOR
2 1 1125 2662 3686 XOR
2 1 1126 2663 3687 XOR
2 1 1127 2664 3688 XOR
2 1 1128 2665 3689 XOR
2 1 1129 2666 3690 XOR
2 1 1130 2667 3691 XOR
2 1 1131 2668 3692 XOR
2 1 1132 2669 3693 XOR
2 1 1133 2670 3694 XOR
2 1 1134 2671 3695 XOR
2 1 1135 2672 3696 XOR
2 1 1136 2673 3697 XOR
2 1 1137 2674 3698 XOR
2 1 1138 2675 3699 XOR
2 1 1139 2676 3700 XOR
2 1 1140 2677 3701 XOR
2 1 1141 2678 3702 XOR
2 1 1142 2679 3703 XOR
2 1 1143 2680 3704 XOR
2 1 1144 2681 3705 XOR
2 1 1145 2682 3706 XOR
2 1 1146 2683 3707 XOR
2 1 1147 2684 3708 XOR
2 1 1148 2685 3709 XOR
2 1 1149 2686 3710 XOR
2 1 1150 2687 3711 XOR
2 1 1151 2688 3712 XOR
2 1 1152 2689 3713 XOR
2 1 1153 2690 3714 XOR
2 1 1154 2691 3715 XOR
2 1 1155 2692 3716 XOR
2 1 1156 2693 3717 XOR
2 1 1157 2694 3718 XOR
2 1 1158 2695 3719 XOR
2 1 1159 2696 3720 XOR
2 1 1160 2697 3721 XOR
2 1 1161 2698 3722 XOR
2 1 1162 2699 3723 XOR
2 1 1163 2700 3724 XOR
2 1 1164 2701 3725 XOR
2 1 1165 2702 3726 XOR
2 1 1166 2703 3727 XOR
2 1 1167 2704 3728 XOR
2 1 1168 2705 3729 XOR
2 1 1169 2706 3730 XOR
2 1 1170 2707 3731 XOR
2 1 1171 2708 3732 XOR
2 1 1172 2709 3733 XOR
2 1 1173 2710 3734 XOR
2 1 1174 2711 3735 XOR
2 1 1175 2712 3736 XOR
2 1 1176 2713 3737 XOR
2 1 1177 2714 3738 XOR
2 1 1178 2715 3739 XOR
2 1 1179 2716 3740 XOR
2 1 1180 2717 3741 XOR
2 1 1181 2718 3742 XOR
2 1 1182 2719 3743 XOR
2 1 1183 2720 3744 XOR
2 1 1184 2721 3745 XOR
2 1 1185 2722 3746 XOR
2 1 1186 2723 3747 XOR
2 1 1187 2724 3748 XOR
2 1 1188 2725 3749 XOR
2 1 1189 2726 3750 XOR
2 1 1190 2727 3751 XOR
2 1 1191 2728 3752 XOR
2 1 1192 2729 3753 XOR
2 1 1193 2730 3754 XOR
2 1 1194 2731 3755 XOR
2 1 1195 2732 3756 XOR
2 1 1196 2733 3757 XOR
2 1 1197 2734 3758 XOR
2 1 1198 2735 3759 XOR
2 1 1199 2736 3760 XOR
2 1 1200 2737 3761 XOR
2 1 1201 2738 3762 XOR
2 1 1202 2739 3763 XOR
2 1 1203 2740 3764 XOR
2 1 1204 2741 3765 XOR
2 1 1205 2742 3766 XOR
2 1 1206 2743 3767 XOR
2 1 1207 2744 3768 XOR
2 1 1208 2745 3769 XOR
2 1 1209 2746 3770 XOR
2 1 1210 2747 3771 XOR
2 1 1211 2748 3772 XOR
2 1 1212 2749 3773 XOR
2 1 1213 2750 3774 XOR
2 1 1214 2751 3775 XOR
2 1 1215 2752 3776 XOR
2 1 1216 2753 3777 XOR
2 1 1217 2754 3778 XOR
2 1 1218 2755 3779 XOR
2 1 1219 2756 3780 XOR
2 1 1220 2757 3781 XOR
2 1 1221 2758 3782 XOR
2 1 1222 2759 3783 XOR
2 1 1223 2760 3784 XOR
2 1 1224 2761 3785 XOR
2 1 1225 2762 3786 XOR
2 1 1226 2763 3787 XOR
2 1 1227 2764 3788 XOR
2 1 1228 2765 3789 XOR
2 1 1229 2766 3790 XOR
2 1 1230 2767 3791 XOR
2 1 1231 2768 3792 XOR
2 1 1232 2769 3793 XOR
2 1 1233 2770 3794 XOR
2 1 1234 2771 3795 XOR
2 1 1235 2772 3796 XOR
2 1 1236 2773 3797 XOR
2 1 1237 2774 3798 XOR
2 1 1238 2775 3799 XOR
2 1 1239 2776 3800 XOR
2 1 1240 2777 3801 XOR
2 1 1241 2778 3802 XOR
2 1 1242 2779 3803 XOR
2 1 1243 2780 3804 XOR
2 1 1244 2781 3805 XOR
2 1 1245 2782 3806 XOR
2 1 1246 2783 3807 XOR
2 1 1247 2784 3808 XOR
2 1 1248 2785 3809 XOR
2 1 1249 2786 3810 XOR
2 1 1250 2787 3811 XOR
2 1 1251 2788 3812 XOR
2 1 1252 2789 3813 XOR
2 1 1253 2790 3814 XOR
2 1 1254 2791 3815 XOR
2 1 1255 2792 3816 XOR
2 1 1256 2793 3817 XOR
2 1 1257 2794 3818 XOR
2 1 1258 2795 3819 XOR
2 1 1259 2796 3820 XOR
2 1 1260 2797 3821 XOR
2 1 1261 2798 3822 XOR
2 1 1262 2799 3823 XOR
2 1 1263 2800 3824 XOR
2 1 1264 2801 3825 XOR
2 1 1265 2802 3826 XOR
2 1 1266 2803 3827 XOR
2 1 1267 2804 3828 XOR
2 1 1268 2805 3829 XOR
2 1 1269 2806 3830 XOR
2 1 1270 2807 3831 XOR
2 1 1271 2808 3832 XOR
2 1 1272 2809 3833 XOR
2 1 1273 2810 3834 XOR
2 1 1274 2811 3835 XOR
2 1 1275 2812 3836 XOR
2 1 1276 2813 3837 XOR
2 1 1277 2814 3838 XOR
2 1 1278 2815 3839 XOR
2 1 1279 2816 3840 XOR
2 1 1280 2817 3841 XOR
2 1 1281 3330 3842 XOR
2 1 1282 3331 3843 XOR
2 1 1283 3332 3844 XOR
2 1 1284 3333 3845 XOR
2 1 1285 3334 3846 XOR
2 1 1286 3335 3847 XOR
2 1 1287 3336 3848 XOR
2 1 1288 3337 3849 XOR
2 1 1289 3338 3850 XOR
2 1 1290 3339 3851 XOR
2 1 1291 3340 3852 XOR
2 1 1292 3341 3853 XOR
2 1 1293 3342 3854 XOR
2 1 1294 3343 3855 XOR
2 1 1295 3344 3856 XOR
2 1 1296 3345 3857 XOR
2 1 1297 3346 3858 XOR
2 1 1298 3347 3859 XOR
2 1 1299 3348 3860 XOR
2 1 1300 3349 3861 XOR
2 1 1301 3350 3862 XOR
2 1 1302 3351 3863 XOR
2 1 1303 3352 3864 XOR
2 1 1304 3353 3865 XOR
2 1 1305 3354 3866 XOR
2 1 1306 3355 3867 XOR
2 1 1307 3356 3868 XOR
2 1 1308 3357 3869 XOR
2 1 1309 3358 3870 XOR
2 1 1310 3359 3871 XOR
2 1 1311 3360 3872 XOR
2 1 1312 3361 3873 XOR
2 1 1313 3362 3874 XOR
2 1 1314 3363 3875 XOR
2 1 1315 3364 3876 XOR
2 1 1316 3365 3877 XOR
2 1 1317 3366 3878 XOR
2 1 1318 3367 3879 XOR
2 1 1319 3368 3880 XOR
2 1 1320 3369 3881 XOR
2 1 1321 3370 3882 XOR
2 1 1322 3371 3883 XOR
2 1 1323 3372 3884 XOR
2 1 1324 3373 3885 XOR
2 1 1325 3374 3886 XOR
2 1 1326 3375 3887 XOR
2 1 1327 3376 3888 XOR
2 1 1328 3377 3889 XOR
2 1 1329 3378 3890 XOR
2 1 1330 3379 3891 XOR
2 1 1331 3380 3892 XOR
2 1 1332 3381 3893 XOR
2 1 1333 3382 3894 XOR
2 1 1334 3383 3895 XOR
2 1 1335 3384 3896 XOR
2 1 1336 3385 3897 XOR
2 1 1337 3386 3898 XOR
2 1 1338 3387 3899 XOR
2 1 1339 3388 3900 XOR
2 1 1340 3389 3901 XOR
2 1 1341 3390 3902 XOR
2 1 1342 3391 3903 XOR
2 1 1343 3392 3904 XOR
2 1 1344 3393 3905 XOR
2 1 1345 3394 3906 XOR
2 1 1346 3395 3907 XOR
2 1 1347 3396 3908 XOR
2 1 1348 3397 3909 XOR
2 1 1349 3398 3910 XOR
2 1 1350 3399 3911 XOR
2 1 1351 3400 3912 XOR
2 1 1352 3401 3913 XOR
2 1 1353 3402 3914 XOR
2 1 1354 3403 3915 XOR
2 1 1355 3404 3916 XOR
2 1 1356 3405 3917 XOR
2 1 1357 3406 3918 XOR
2 1 1358 3407 3919 XOR
2 1 1359 3408 3920 XOR
2 1 1360 3409 3921 XOR
2 1 1361 3410 3922 XOR
2 1 1362 3411 3923 XOR
2 1 1363 3412 3924 XOR
2 1 1364 3413 3925 XOR
2 1 1365 3414 3926 XOR
2 1 1366 3415 3927 XOR
2 1 1367 3416 3928 XOR
2 1 1368 3417 3929 XOR
2 1 1369 3418 3930 XOR
2 1 1370 3419 3931 XOR
2 1 1371 3420 3932 XOR
2 1 1372 3421 3933 XOR
2 1 1373 3422 3934 XOR
2 1 1374 3423 3935 XOR
2 1 1375 3424 3936 XOR
2 1 1376 3425 3937 XOR
2 1 1377 3426 3938 XOR
2 1 1378 3427 3939 XOR
2 1 1379 3428 3940 XOR
2 1 1380 3429 3941 XOR
2 1 1381 3430 3942 XOR
2 1 1382 3431 3943 XOR
2 1 1383 3432 3944 XOR
2 1 1384 3433 3945 XOR
2 1 1385 3434 3946 XOR
2 1 1386 3435 3947 XOR
2 1 1387 3436 3948 XOR
2 1 1388 3437 3949 XOR
2 1 1389 3438 3950 XOR
2 1 1390 3439 3951 XOR
2 1 1391 3440 3952 XOR
2 1 1392 3441 3953 XOR
2 1 1393 3442 3954 XOR
2 1 1394 3443 3955 XOR
2 1 1395 3444 3956 XOR
2 1 1396 3445 3957 XOR
2 1 1397 3446 3958 XOR
2 1 1398 3447 3959 XOR
2 1 1399 3448 3960 XOR
2 1 1400 3449 3961 XOR
2 1 1401 3450 3962 XOR
2 1 1402 3451 3963 XOR
2 1 1403 3452 3964 XOR
2 1 1404 3453 3965 XOR
2 1 1405 3454 3966 XOR
2 1 1406 3455 3967 XOR
2 1 1407 3456 3968 XOR
2 1 1408 3457 3969 XOR
2 1 1409 3458 3970 XOR
2 1 1410 3459 3971 XOR
2 1 1411 3460 3972 XOR
2 1 1412 3461 3973 XOR
2 1 1413 3462 3974 XOR
2 1 1414 3463 3975 XOR
2 1 1415 3464 3976 XOR
2 1 1416 3465 3977 XOR
2 1 1417 3466 3978 XOR
2 1 1418 3467 3979 XOR
2 1 1419 3468 3980 XOR
2 1 1420 3469 3981 XOR
2 1 1421 3470 3982 XOR
2 1 1422 3471 3983 XOR
2 1 1423 3472 3984 XOR
2 1 1424 3473 3985 XOR
2 1 1425 3474 3986 XOR
2 1 1426 3475 3987 XOR
2 1 1427 3476 3988 XOR
2 1 1428 3477 3989 XOR
2 1 1429 3478 3990 XOR
2 1 1430 3479 3991 XOR
2 1 1431 3480 3992 XOR
2 1 1432 3481 3993 XOR
2 1 1433 3482 3994 XOR
2 1 1434 3483 3995 XOR
2 1 1435 3484 3996 XOR
2 1 1436 3485 3997 XOR
2 1 1437 3486 3998 XOR
2 1 1438 3487 3999 XOR
2 1 1439 3488 4000 XOR
2 1 1440 3489 4001 XOR
2 1 1441 3490 4002 XOR
2 1 1442 3491 4003 XOR
2 1 1443 3492 4004 XOR
2 1 1444 3493 4005 XOR
2 1 1445 3494 4006 XOR
2 1 1446 3495 4007 XOR
2 1 1447 3496 4008 XOR
2 1 1448 3497 4009 XOR
2 1 1449 3498 4010 XOR
2 1 1450 3499 4011 XOR
2 1 1451 3500 4012 XOR
2 1 1452 3501 4013 XOR
2 1 1453 3502 4014 XOR
2 1 1454 3503 4015 XOR
2 1 1455 3504 4016 XOR
2 1 1456 3505 4017 XOR
2 1 1457 3506 4018 XOR
2 1 1458 3507 4019 XOR
2 1 1459 3508 4020 XOR
2 1 1460 3509 4021 XOR
2 1 1461 3510 4022 XOR
2 1 1462 3511 4023 XOR
2 1 1463 3512 4024 XOR
2 1 1464 3513 4025 XOR
2 1 1465 3514 4026 XOR
2 1 1466 3515 4027 XOR
2 1 1467 3516 4028 XOR
2 1 1468 3517 4029 XOR
2 1 1469 3518 4030 XOR
2 1 1470 3519 4031 XOR
2 1 1471 3520 4032 XOR
2 1 1472 3521 4033 XOR
2 1 1473 3522 4034 XOR
2 1 1474 3523 4035 XOR
2 1 1475 3524 4036 XOR
2 1 1476 3525 4037 XOR
2 1 1477 3526 4038 XOR
2 1 1478 3527 4039 XOR
2 1 1479 3528 4040 XOR
2 1 1480 3529 4041 XOR
2 1 1481 3530 4042 XOR
2 1 1482 3531 4043 XOR
2 1 1483 3532 4044 XOR
2 1 1484 3533 4045 XOR
2 1 1485 3534 4046 XOR
2 1 1486 3535 4047 XOR
2 1 1487 3536 4048 XOR
2 1 1488 3537 4049 XOR
2 1 1489 3538 4050 XOR
2 1 1490 3539 4051 XOR
2 1 1491 3540 4052 XOR
2 1 1492 3541 4053 XOR
2 1 1493 3542 4054 XOR
2 1 1494 3543 4055 XOR
2 1 1495 3544 4056 XOR
2 1 1496 3545 4057 XOR
2 1 1497 3546 4058 XOR
2 1 1498 3547 4059 XOR
2 1 1499 3548 4060 XOR
2 1 1500 3549 4061 XOR
2 1 1501 3550 4062 XOR
2 1 1502 3551 4063 XOR
2 1 1503 3552 4064 XOR
2 1 1504 3553 4065 XOR
2 1 1505 3554 4066 XOR
2 1 1506 3555 4067 XOR
2 1 1507 3556 4068 XOR
2 1 1508 3557 4069 XOR
2 1 1509 3558 4070 XOR
2 1 1510 3559 4071 XOR
2 1 1511 3560 4072 XOR
2 1 1512 3561 4073 XOR
2 1 1513 3562 4074 XOR
2 1 1514 3563 4075 XOR
2 1 1515 3564 4076 XOR
2 1 1516 3565 4077 XOR
2 1 1517 3566 4078 XOR
2 1 1518 3567 4079 XOR
2 1 1519 3568 4080 XOR
2 1 1520 3569 4081 XOR
2 1 1521 3570 4082 XOR
2 1 1522 3571 4083 XOR
2 1 1523 3572 4084 XOR
2 1 1524 3573 4085 XOR
2 1 1525 3574 4086 XOR
2 1 1526 3575 4087 XOR
2 1 1527 3576 4088 XOR
2 1 1528 3577 4089 XOR
2 1 1529 3578 4090 XOR
2 1 1530 3579 4091 XOR
2 1 1531 3580 4092 XOR
2 1 1532 3581 4093 XOR
2 1 1533 3582 4094 XOR
2 1 1534 3583 4095 XOR
2 1 1535 3584 4096 XOR
2 1 1536 3585 4097 XOR
